3 372
4 1
5 169
1048584 14
1048585 15
1048586 28
1048589 28
19 72
20 80
21 75
22 77
23 353
24 304
25 302
26 350
27 212
1056796 131119
1056797 131120
1048608 57
1048609 65563
1048610 65539
1048611 131076
1048612 43
1048613 65542
1048614 65543
1048615 12
1048616 65545
1048617 65546
1048618 65540
1048619 65538
1048620 51
1048621 53
1048622 52
1048623 65544
1048624 11
1048625 2
1048626 3
1048627 4
1048628 5
1048629 6
1048630 7
1048631 8
1048632 9
57 56
58 100
59 42
60 54
61 15
62 57
1048639 65548
64 150
65 155
66 28
67 14
1048644 65568
1048645 65554
1048646 65569
1048647 65570
1048648 65571
1048649 65559
1048650 65572
1048651 65573
1048652 65574
1048653 65586
1048654 65585
79 226
1048656 65561
1048657 65552
82 127
1048659 65567
84 217
85 290
1048662 65583
1048663 65553
1048664 65581
89 280
1048666 65557
1048667 131098
92 73
93 81
1048671 65589
96 304
1048673 30
1048674 48
99 307
100 308
1048677 18
102 310
103 311
104 312
105 313
106 317
107 318
108 315
1048685 50
110 316
111 1
112 83
113 29
114 97
115 58
116 70
117 347
118 348
1048695 17
120 84
1048596 70
122 327
123 335
124 338
125 159
126 207
127 201
128 381
129 108
130 305
131 59
132 60
133 61
134 62
135 63
136 64
137 65
138 66
139 67
140 68
141 87
142 88
143 69
155 55
1048738 131081
1048603 1
164 288
166 402
167 403
170 377
1048747 131116
172 362
173 366
174 156
1048752 65577
1048757 131122
1048758 131088
1048763 131117
1048764 131077
189 257
190 258
191 259
192 260
193 261
194 262
1048771 131085 65566
1048772 27 65566
197 265
198 266
199 267
200 268
1048777 131084 65554
202 270
203 271
1048780 65549 65559
1048781 131084 65559
1048782 13 65559
1048783 27 65559
208 397
209 171
1048786 65549 65560
1048787 131084 65560
1048788 13 65560
1048789 131085 65560
1048790 27 65560
1048793 65549 65558
1048794 131084 65558
1048795 13 65558
220 224
221 225
1048799 131103
1048800 65576
1048801 131084 30
1048802 13 30
1048803 131085 30
1048804 40
1048806 131102
1048807 65541
1048808 65562
1048809 65575
1048810 13 18
1048811 27 18
1048812 65549 23
1048813 131084 23
1048814 13 23
1048815 27 23
1048816 131104
1048817 131085 49
1048818 65549 24
1048819 131084 24
1048820 13 24
1048821 131085 24
1048822 39
1048824 131096
1048825 65549 22
1048826 131084 22
1048827 13 22
1048828 26
1048829 131084 44
1048830 131097
1048831 27 44
1048838 131084 65582
1048839 131084 46
1048840 13 65582
1048841 13 46
1048849 131105
1048860 13 65570
1048861 13 34
1048868 13 65571
1048869 13 35
1048871 131107
1048872 131085 65559
1048873 131085 23
1048884 13 65572
1048885 13 36
1048888 131109
1048889 131084 65574
1048890 131084 38
1048898 131110
1048899 131084 65585
1048900 131084 49
1048907 131106
1048916 131084 65555
1048917 131084 19
1048633 10
1048922 131084 65567
1048923 131084 31
1048924 13 65567
1048925 13 31
1048635 65587
1048935 131092
1048936 131085 65558
1048636 86
1048637 65547
1048948 13 65553
1048638 65622
1048950 13 65580
1048951 13 44
1048952 27 65580
1048953 131084 65557
1048954 131084 21
1048640 131075
1048641 65566
1048642 65584
1057168 131093
1057170 131095
1057171 131094
1048655 65560
1048658 65555
1048660 65556
1048661 65558
86 128
87 281
88 272
1048665 65580
90 208
1048668 131158
1048669 131099
97 305
98 306
1048675 46
1048676 32
101 309
1048678 33
1048679 34
1048680 35
1048681 23
1048597 183
1048682 36
1048683 37
1048684 38
109 314
1048686 49
1048687 24
1048688 25
1048689 16
1048690 19
1048691 31
1048692 20
1048693 22
1048694 47
1048696 45
121 326
1048698 21
1048699 131112
1048700 131080
1048701 131115
1048949 13 17
1048739 65579
1048742 131074
1048743 41
1048748 131079
188 256
1048765 131078
1048768 65549 65566
1048769 131084 65566
1048770 13 65566
195 263
196 264
1048776 65549 65554
201 269
1048778 13 65554
1048779 27 65554
207 429
1048785 131085 65585
210 140
1048796 27 65558
1048797 131084 65580
1056940 131090
1048634 65588
1048697 44
1056384 65549 65553
1056385 65549 17
1056386 131084 65553
1056387 131084 17
1056388 27 65553
1056389 27 17
1056420 13 131084 65566
1056421 13 131084 30
1056422 13 65549 65566
1056423 13 65549 30
1056426 13 131085 65566
1056427 13 131085 30
1056444 131085 65554
1056445 131085 18
1056446 13 131084 65554
1056447 13 131084 18
1056448 13 65549 65554
1056449 13 65549 18
1056452 13 131085 65554
1056453 13 131085 18
1056464 13 131084 65560
1056465 13 131084 24
1056466 13 65549 65560
1056467 13 65549 24
1056470 13 131085 65560
1056471 13 131085 24
1056498 65549 65580
1056499 65549 44
1056504 131085 65580
1056505 131085 44
1048937 131085 22
1048643 65582
