3 372
4 1
5 169
1048584 14
1048585 15
1048586 28
1048589 28
19 72
20 80
21 75
22 77
23 353
24 304
25 302
26 350
27 212
1056796 131119
1056797 131120
1048608 57
1048609 65538
1048610 65539
1048611 131112
1048612 65541
1048613 65542
1048614 65543
1048615 12
1048616 65545
1048617 65546
1048618 65563
1048619 27
1048620 51
1048621 53
1048622 52
1048623 65544
1048624 11
1048625 2
1048626 3
1048627 4
1048628 5
1048629 6
1048630 7
1048631 8
1048632 9
57 56
58 100
59 42
60 54
61 15
62 57
1048639 65548
64 150
65 155
66 28
67 14
1048644 65568
1048645 65554
1048646 65569
1048647 65570
1048648 65571
1048649 65559
1048650 65572
1048651 65573
1048652 65574
1048653 65586
1048654 65585
79 226
1048656 65561
1048657 65552
82 127
1048659 65567
84 217
85 290
1048662 65583
1048663 65553
1048664 65581
89 280
1048666 65580
1048667 131098
92 73
93 81
1048670 65549
1048671 65589
96 304
1048673 30
1048674 48
99 307
100 308
1048677 18
102 310
103 311
104 312
105 313
106 317
107 318
108 315
1048685 50
110 316
111 1
112 83
113 29
114 97
115 58
116 70
117 347
118 348
1048695 17
120 84
1048596 70
122 327
123 335
124 338
125 159
126 207
127 201
128 381
129 108
130 305
131 59
132 60
133 61
134 62
135 63
136 64
137 65
138 66
139 67
140 68
141 87
142 88
143 69
155 55
1048737 196610
1048738 131118
1048603 1
164 288
1048741 196629
166 402
167 403
1048745 196654
170 377
1048747 131116
172 362
173 366
1048750 196627
1048752 65576
1048753 196618
1048754 131075
1048755 131076
1048757 131122
1048758 131091
1048759 131124
1048761 131074
1048762 196658
1048763 131117
1048764 131077
189 257
190 258
191 259
192 260
193 261
194 262
195 263
196 264
197 265
198 266
199 267
200 268
201 269
202 270
203 271
1048780 131115 65559
207 429
208 397
209 171
210 140
1048791 196659
1048792 196632
1048793 131115 65558
220 224
221 225
1048798 196633
1048799 131103
1048800 40
1048806 131102
1048807 65575
1048808 26
1048809 65562
1048812 13
1048816 131104
1048818 39
1048823 196660
1048824 131096
1048825 43
1048830 131097
1048832 196635 65566
1048833 196635 30
1048834 196651 65566
1048835 196651 30
1048836 196621 65566
1048837 196621 30
1048842 196661 65582
1048843 196661 46
1048849 131105
1048850 196635 65554
1048851 196635 18
1048854 196661 65554
1048855 196661 18
1048856 196621 65554
1048857 196621 18
1048862 196651 65570
1048863 196651 34
1048864 196661 65570
1048865 196661 34
1057058 196617
1048870 196643
1048871 131107
1048874 196635 65559
1048875 196635 23
1048876 196651 65559
1048877 196651 23
1048878 196621 65559
1048879 196621 23
1048880 196661 65559
1048881 196631
1048888 131109
1048897 196646
1048898 131110
1048906 196642
1048907 131106
1048908 196635 65560
1048909 196635 24
1048912 196647 65560
1048913 196647 24
1048633 10
1057115 196611
1057116 196614
1048634 65588
1057118 196616
1048635 65587
1048934 196628
1048935 131092
1048636 86
1048938 196635 65558
1048939 196635 22
1048940 196651 65558
1048941 196651 22
1048637 65547
1048944 196647 65558
1048945 196647 22
1048946 196621 65558
1048947 196621 22
1048638 65622
1048955 196661 65580
1048956 196661 44
1048640 131111
1048641 65566
1048642 65584
1057168 131093
1057169 196630
1057170 131095
1057171 131094
1048655 65560
1048658 65555
1057117 196615
1048660 65556
1048661 65558
86 128
87 281
88 272
1048665 65557
90 208
1048668 41
1048669 131099
1048672 196655
97 305
98 306
1048675 46
1048676 32
101 309
1048678 33
1048679 34
1048680 35
1048681 23
1048597 183
1048682 36
1048683 37
1048684 38
109 314
1048686 49
1048687 24
1048688 25
1048689 16
1048690 19
1048691 31
1048692 20
1048693 22
1048694 47
1048696 45
121 326
1048698 44
1048699 131080
1048700 65577
1048701 131083
1048702 131085
1049513 196624
1048739 65540
1048742 196694
1048743 65579
1048746 196641
1048748 131113
174 156
188 256
1048765 131078
1048766 131079
1048767 196620
1048768 131115 65566
1048774 196638
1048776 131115 65554
1048784 196640
1048786 131115 65560
1056940 131090
1056311 131125 38
1056258 196661 65584
1056259 196661 48
1056266 196661 65568
1056267 196661 32
1056286 196661 65569
1056287 196661 33
1056310 131125 65574
1048697 21
1056320 196661 65586
1056321 196661 50
1056342 196661 65561
1056343 196661 25
1056352 196661 65567
1056353 196661 31
1056362 196661 65556
1056363 196661 20
1056384 131115 65553
1056385 131115 17
1056394 196661 65581
1056395 196661 45
1056416 131125 65566
1056417 131125 30
1056432 196651 131115 65566
1056433 196651 131115 30
1056438 196651 131125 65566
1056439 196651 131125 30
1056440 131125 65554
1056441 131125 18
1056458 131125 65559
1056459 131125 23
1056460 131125 65560
1056461 131125 24
1056484 131125 65558
1056485 131125 22
1056498 131115 65557
1056499 131115 21
1056500 131125 65557
1056501 131125 21
1048643 65582
