3 372
4 1
5 169
19 72
20 80
21 75
22 77
23 353
24 304
25 302
26 350
27 212
57 56
58 312
59 42
60 54
61 15
62 57
64 150
65 155
66 28
67 14
79 226
82 127
84 217
85 290
86 128
87 281
88 272
89 280
90 208
92 73
93 81
96 304
97 305
98 306
99 307
100 308
101 309
102 310
103 311
104 312
105 313
106 317
107 318
108 315
109 314
110 316
111 1
112 83
113 29
114 285
115 58
116 70
117 347
118 348
120 84
121 326
122 327
123 335
124 338
125 159
126 207
127 201
128 381
129 108
130 305
131 59
132 60
133 61
134 62
135 63
136 64
137 65
138 66
139 67
140 68
141 87
142 88
143 69
155 55
164 288
166 402
167 403
170 377
172 362
173 366
174 156
188 256
189 257
190 258
191 259
192 260
193 261
194 262
195 263
196 264
197 265
198 266
199 267
200 268
201 269
202 270
203 271
207 429
208 397
209 171
210 140
220 224
221 225
1048584 14
1048585 15
1048586 28
1048589 28
1048595 198
1048596 70
1048597 84
1048603 1
1048608 57
1048618 55
1048619 65549
1048621 12
1048622 126
1048623 181
1048636 86
1048637 13
1048638 65622
1048639 65589
1048671 65548
1048700 131158
1048703 83
1048742 196694
1053184 35
1053192 38
1053200 65571
1053208 50
1053216 65567
1053224 19
1053232 31
1053240 47
1053248 16
1053264 65552
1053280 48
1053288 65583
1053296 20
1053304 46
1053312 65563
1053328 49
1053336 65585
1053344 45
1053352 37
1053368 65573
1053384 17
1053392 65581
1053400 44
1053408 65580
1053416 21
1053424 32
1053432 65568
1053440 36
1053448 34
1053464 65570
1053472 65556
1053480 27
1053488 65561
1053496 65562
1053504 26
1053512 33
1053520 25
1053537 65575
1053538 39
1053539 51
1053540 52
1053541 65576
1053542 40
1053543 53
1053545 2
1053546 3
1053547 4
1053548 5
1053549 6
1053550 7
1053551 8
1053552 9
1053553 10
1053554 65538
1053555 65539
1053556 65540
1053557 65541
1053558 65542
1053559 65543
1053560 65544
1053561 65545
1053562 65546
1053563 11
1053564 65547
1056784 65579
1057168 75
1057169 72
1057170 77
1057171 80
1057246 73
1057247 81
1057265 71
1057266 79
1057664 82
1057689 84
1111812 59
1111813 60
1111814 61
1111815 62
1111816 63
1111817 64
1111818 65
1111819 66
1111820 67
1111821 68
1111822 87
1111823 88
1113703 30
1113704 65566
1113705 18
1113712 65554
1113713 23
1113714 65559
1113715 24
1113716 65560
1113717 22
1113718 65558
1113720 65582
