3 372
4 1
5 169
19 72
20 80
21 75
22 77
23 353
24 304
25 302
26 350
27 212
57 56
58 312
59 42
60 54
61 15
62 57
64 150
65 155
66 28
67 14
79 226
82 127
84 217
85 290
86 128
87 281
88 272
89 280
90 208
92 73
93 81
96 304
97 305
98 306
99 307
100 308
101 309
102 310
103 311
104 312
105 313
106 317
107 318
108 315
109 314
110 316
111 1
112 83
113 29
114 285
115 58
116 70
117 347
118 348
120 84
121 326
122 327
123 335
124 338
125 159
126 207
127 201
128 381
129 108
130 305
131 59
132 60
133 61
134 62
135 63
136 64
137 65
138 66
139 67
140 68
141 87
142 88
143 69
155 55
164 288
166 402
167 403
170 377
172 362
173 366
174 156
188 256
189 257
190 258
191 259
192 260
193 261
194 262
195 263
196 264
197 265
198 266
199 267
200 268
201 269
202 270
203 271
207 429
208 397
209 171
210 140
220 224
221 225
1048584 14
1048585 15
1048586 28
1048589 28
1048595 198
1048596 70
1048597 84
1048603 1
1048608 57
1048609 9
1048610 4
1048611 131076
1048612 196613
1048613 65576
1048614 2
1048615 5
1048616 6
1048617 12
1048618 65563
1048619 65589
1048620 50
1048621 13
1048622 65587
1048623 65588
1048624 65547
1048625 65538
1048626 65539
1048627 65540
1048628 65541
1048629 65542
1048630 65543
1048631 65544
1048632 65545
1048633 65546
1048634 52
1048635 51
1048636 196652
1048637 53
1048638 196653
1048639 65586
1048640 131075
1048641 65552
1048642 65584
1048643 65582
1048644 65568
1048645 65554
1048646 65569
1048647 65570
1048648 65571
1048649 65559
1048650 65572
1048651 65573
1048652 65574
1048653 65575
1048654 65585
1048655 65560
1048656 65561
1048657 65566
1048658 65555
1048659 65567
1048660 65556
1048661 65558
1048662 65583
1048663 65580
1048664 65581
1048665 65557
1048666 65553
1048667 131081
1048668 131084
1048669 131099
1048670 131079
1048671 65549
1048673 16
1048674 48
1048675 46
1048676 32
1048677 18
1048678 33
1048679 34
1048680 35
1048681 23
1048682 36
1048683 37
1048684 38
1048685 39
1048686 49
1048687 24
1048688 25
1048689 30
1048690 19
1048691 31
1048692 20
1048693 22
1048694 47
1048695 44
1048696 45
1048697 21
1048698 17
1048699 131080
1048700 131074
1048701 131083
1048703 83
1048737 196610
1048738 196626
1048739 196612
1048741 196629
1048743 7
1048745 196654
1048746 196641
1048747 131116
1048748 131113
1048750 196627
1048752 196619
1048753 196618
1048754 41
1048755 65577
1048757 43
1048758 131091
1048759 131124
1048762 196658
1048763 131117
1048764 131077
1048765 131078
1048767 196620
1048768 131115 65552
1048769 131112 65552
1048770 26 65552
1048771 131125 65552
1048772 65562 65552
1048774 196638
1048775 131122 65582
1048776 131115 65554
1048777 131112 65554
1048778 26 65554
1048779 65562 65554
1048780 131115 65559
1048781 131112 65559
1048782 26 65559
1048783 65562 65559
1048784 196640
1048785 131125 65585
1048786 131115 65560
1048787 131112 65560
1048788 26 65560
1048789 131125 65560
1048790 65562 65560
1048791 196659
1048793 131115 65558
1048794 131112 65558
1048795 26 65558
1048796 65562 65558
1048797 131112 65557
1048798 196633
1048799 131103
1048800 11
1048801 131112 16
1048802 26 16
1048803 131125 16
1048804 65562 16
1048806 131102
1048807 10
1048808 8
1048809 3
1048810 26 18
1048811 65562 18
1048812 131115 23
1048813 131112 23
1048814 26 23
1048815 65562 23
1048816 131104
1048817 131125 49
1048818 131115 24
1048819 131112 24
1048820 26 24
1048821 131125 24
1048822 65562 24
1048823 196660
1048825 40
1048826 131112 22
1048827 26 22
1048828 65562 22
1048829 131112 21
1048830 131097
1048831 65562 21
1048832 196635 65552
1048833 196635 16
1048834 196651 65552
1048835 196651 16
1048836 196621 65552
1048837 196621 16
1048838 131112 65582
1048839 131112 46
1048840 26 65582
1048841 26 46
1048842 196661 65582
1048843 196661 46
1048844 196648 65582
1048845 196648 46
1048846 196648 65568
1048847 196648 32
1048849 131105
1048850 196635 65554
1048851 196635 18
1048854 196661 65554
1048855 196661 18
1048856 196621 65554
1048857 196621 18
1048858 196648 65554
1048859 196648 18
1048860 26 65570
1048861 26 34
1048862 196651 65570
1048863 196651 34
1048864 196661 65570
1048865 196661 34
1048866 131122 65570
1048867 131122 34
1048868 26 65571
1048869 26 35
1048870 196643
1048871 131107
1048872 131125 65559
1048873 131125 23
1048874 196635 65559
1048875 196635 23
1048876 196651 65559
1048877 196651 23
1048878 196621 65559
1048879 196621 23
1048880 196661 65559
1048881 196631
1048884 26 65572
1048885 26 36
1048886 131122 65573
1048887 131122 37
1048888 131109
1048889 131112 65574
1048890 131112 38
1048891 131122 65574
1048892 131122 38
1048893 196648 65574
1048894 196648 38
1048897 196625
1048898 131089
1048899 131112 65585
1048900 131112 49
1048901 131122 65585
1048902 131122 49
1048903 196648 65585
1048904 196648 49
1048906 196642
1048907 131106
1048908 196635 65560
1048909 196635 24
1048914 196632
1048915 131096
1048916 131112 65555
1048917 131112 19
1048918 131122 65555
1048919 131122 19
1048920 196648 65555
1048921 196648 19
1048922 131112 65567
1048923 131112 31
1048924 26 65567
1048925 26 31
1048926 131122 65567
1048927 131122 31
1048928 196648 65567
1048929 196648 31
1048930 131122 65556
1048931 131122 20
1048932 196648 65556
1048933 196648 20
1048934 196628
1048935 131092
1048936 131125 65558
1048937 131125 22
1048938 196635 65558
1048939 196635 22
1048940 196651 65558
1048941 196651 22
1048946 196621 65558
1048947 196621 22
1048948 26 65580
1048949 26 44
1048950 26 65557
1048951 26 21
1048952 65562 65557
1048953 131112 65553
1048954 131112 17
1048955 196661 65553
1048956 196661 17
1048957 196648 65553
1048958 196648 17
1048992 196644 65560
1048993 196644 24
1049007 196644 65558
1049008 196644 22
1049042 196648 65560
1049062 196648 65570
1049063 196648 34
1049513 196624
1056258 196661 65584
1056259 196661 48
1056266 196661 65568
1056267 196661 32
1056286 196661 65569
1056287 196661 33
1056320 196661 65575
1056321 196661 39
1056342 196661 65561
1056343 196661 25
1056352 196661 65567
1056353 196661 31
1056362 196661 65556
1056363 196661 20
1056384 131115 65580
1056385 131115 44
1056386 131112 65580
1056387 131112 44
1056388 65562 65580
1056389 65562 44
1056394 196661 65581
1056395 196661 45
1056418 131108 65552
1056419 131108 16
1056420 26 131112 65552
1056421 26 131112 16
1056422 26 131115 65552
1056423 26 131115 16
1056424 26 131108 65552
1056425 26 131108 16
1056426 26 131125 65552
1056427 26 131125 16
1056430 131112 196651 65552
1056431 131112 196651 16
1056432 131115 196651 65552
1056433 131115 196651 16
1056434 131108 196651 65552
1056435 131108 196651 16
1056436 196651 131125 65552
1056437 196651 131125 16
1056442 131108 65554
1056443 131108 18
1056444 131125 65554
1056445 131125 18
1056446 26 131112 65554
1056447 26 131112 18
1056448 26 131115 65554
1056449 26 131115 18
1056450 26 131108 65554
1056451 26 131108 18
1056452 26 131125 65554
1056453 26 131125 18
1056456 131108 65559
1056457 131108 23
1056462 131108 65560
1056463 131108 24
1056464 26 131112 65560
1056465 26 131112 24
1056466 26 131115 65560
1056467 26 131115 24
1056468 26 131108 65560
1056469 26 131108 24
1056470 26 131125 65560
1056471 26 131125 24
1056474 196644 131112 65560
1056475 196644 131112 24
1056476 196644 131115 65560
1056477 196644 131115 24
1056478 131108 196644 65560
1056479 131108 196644 24
1056480 196644 131125 65560
1056481 196644 131125 24
1056486 131108 65558
1056487 131108 22
1056488 196644 131112 65558
1056489 196644 131112 22
1056490 196644 131115 65558
1056491 196644 131115 22
1056492 131108 196644 65558
1056493 131108 196644 22
1056494 196644 131125 65558
1056495 196644 131125 22
1056498 131115 65557
1056499 131115 21
1056502 131108 65557
1056503 131108 21
1056504 131125 65557
1056505 131125 21
1056792 196655
1056793 196656
1056796 131119
1056797 131120
1056940 131090
1057058 196617
1057115 196611
1057116 196614
1057117 196615
1057118 196616
1057168 131093
1057169 196630
1057170 131095
1057171 131094
1057246 73
1057247 81
1057265 71
1057266 79
1057664 82
1057689 84
1058048 131123
1111812 59
1111813 60
1111814 61
1111815 62
1111816 63
1111817 64
1111818 65
1111819 66
1111820 67
1111821 68
1111822 87
1111823 88
