3 372
4 1
5 169
19 72
20 80
21 75
22 77
23 353
24 304
25 302
26 350
27 212
57 56
58 312
59 42
60 54
61 15
62 57
64 150
65 155
66 28
67 14
79 226
82 127
84 217
85 290
86 128
87 281
88 272
89 280
90 208
92 73
93 81
96 304
97 305
98 306
99 307
100 308
101 309
102 310
103 311
104 312
105 313
106 317
107 318
108 315
109 314
110 316
111 1
112 83
113 29
114 285
115 58
116 70
117 347
118 348
120 84
121 326
122 327
123 335
124 338
125 159
126 207
127 201
128 381
129 108
130 305
131 59
132 60
133 61
134 62
135 63
136 64
137 65
138 66
139 67
140 68
141 87
142 88
143 69
155 55
164 288
166 402
167 403
170 377
172 362
173 366
174 156
188 256
189 257
190 258
191 259
192 260
193 261
194 262
195 263
196 264
197 265
198 266
199 267
200 268
201 269
202 270
203 271
207 429
208 397
209 171
210 140
220 224
221 225
1048584 14
1048585 15
1048586 28
1048589 28
1048595 198
1048596 70
1048597 84
1048603 1
1048608 57
1048609 131074
1048610 65575
1048611 131076
1048612 131077
1048613 131078
1048614 131080
1048615 131108
1048616 65563
1048617 27
1048618 131081
1048619 2
1048620 51
1048621 53
1048622 52
1048623 65562
1048624 65547
1048625 65538
1048626 65539
1048627 65540
1048628 65541
1048629 65542
1048630 65543
1048631 65544
1048632 65545
1048633 65546
1048634 65588
1048635 41
1048636 196652
1048637 12
1048638 196653
1048639 65587
1048640 131075
1048641 65566
1048642 65584
1048643 65582
1048644 65568
1048645 65554
1048646 65569
1048647 65570
1048648 65571
1048649 65559
1048650 65572
1048651 65573
1048652 65574
1048653 65586
1048654 65585
1048655 65560
1048656 65561
1048657 65552
1048658 65555
1048659 65567
1048660 65556
1048661 65558
1048662 65583
1048663 65553
1048664 65581
1048665 65580
1048666 65557
1048667 131098
1048668 131084
1048669 131099
1048670 131079
1048671 65589
1048672 131107
1048673 30
1048674 48
1048675 46
1048676 32
1048677 18
1048678 33
1048679 34
1048680 35
1048681 23
1048682 36
1048683 37
1048684 38
1048685 50
1048686 49
1048687 24
1048688 25
1048689 16
1048690 19
1048691 31
1048692 20
1048693 22
1048694 47
1048695 17
1048696 45
1048697 44
1048698 21
1048699 131082
1048700 131089
1048701 131083
1048702 131102
1048703 83
1048741 196629
1048742 196694
1048743 196639
1048745 196654
1048746 196641
1048750 196627
1048752 131116
1048758 131091
1048762 196658
1048768 196616 65566
1048769 13 65566
1048770 196612 65566
1048771 196610 65566
1048772 43 65566
1048774 196638
1048775 196621 65582
1048776 196616 65554
1048777 13 65554
1048778 196612 65554
1048779 43 65554
1048780 196616 65559
1048781 13 65559
1048782 196612 65559
1048783 43 65559
1048784 196640
1048785 196610 65585
1048786 196616 65560
1048787 13 65560
1048788 196612 65560
1048789 196610 65560
1048790 43 65560
1048791 196635
1048792 196632
1048793 196616 65558
1048794 13 65558
1048795 196612 65558
1048796 43 65558
1048797 13 65580
1048798 196633
1048799 196648
1048800 196616 30
1048801 9
1048802 196612 30
1048803 196610 30
1048804 43 30
1048807 196621 46
1048808 196616 18
1048809 11
1048810 196612 18
1048811 43 18
1048812 196616 23
1048813 10
1048814 196612 23
1048815 43 23
1048817 196610 49
1048818 196616 24
1048819 13 24
1048820 196612 24
1048821 196610 24
1048822 43 24
1048823 196634
1048824 131096
1048825 196616 22
1048826 26
1048827 196612 22
1048828 43 22
1048829 8
1048830 131097
1048831 43 44
1048832 131085 65566
1048833 131085 30
1048834 196613 65566
1048835 196613 30
1048836 196615 65566
1048837 196615 30
1048838 13 65582
1048839 13 46
1048840 196612 65582
1048841 196612 46
1048842 196661 65582
1048843 196661 46
1048844 65549 65582
1048845 5
1048846 65549 65568
1048847 65549 32
1048848 131104
1048849 131103
1048850 131085 65554
1048851 131085 18
1048854 196661 65554
1048855 196661 18
1048856 196615 65554
1048857 196615 18
1048858 65549 65554
1048859 3
1048860 196612 65570
1048861 196612 34
1048862 196613 65570
1048863 196613 34
1048864 196661 65570
1048865 196661 34
1048866 196621 65570
1048867 196621 34
1048868 196612 65571
1048869 196612 35
1048870 196643
1048872 196610 65559
1048873 196610 23
1048874 131085 65559
1048875 131085 23
1048876 196613 65559
1048877 196613 23
1048878 196615 65559
1048879 196615 23
1048880 196661 65559
1048881 196631
1048884 196612 65572
1048885 196612 36
1048886 196621 65573
1048887 196621 37
1048889 13 65574
1048890 13 38
1048891 196621 65574
1048892 196621 38
1048893 65549 65574
1048894 65549 38
1048897 196625
1048898 131109
1048899 13 65585
1048900 13 49
1048901 196621 65585
1048902 196621 49
1048903 65549 65585
1048904 65549 49
1048906 196642
1048908 131085 65560
1048909 131085 24
1048916 13 65555
1048917 13 19
1048918 196621 65555
1048919 196621 19
1048920 65549 65555
1048921 6
1048922 13 65567
1048923 13 31
1048924 196612 65567
1048925 196612 31
1048926 196621 65567
1048927 196621 31
1048928 65549 65567
1048929 4
1048930 196621 65556
1048931 196621 20
1048932 65549 65556
1048933 65549 20
1048934 196628
1048935 131092
1048936 196610 65558
1048937 196610 22
1048938 131085 65558
1048939 131085 22
1048940 196613 65558
1048941 196613 22
1048943 39
1048946 196615 65558
1048947 196615 22
1048948 196612 65553
1048949 196612 17
1048950 196612 65580
1048951 196612 44
1048952 43 65580
1048953 13 65557
1048954 13 21
1048955 196661 65557
1048956 196661 21
1048957 65549 65557
1048958 7
1048992 196644 65560
1048993 196644 24
1049007 196644 65558
1049008 196644 22
1049042 65549 65560
1049062 65549 65570
1049063 65549 34
1049513 196624
1056258 196661 65584
1056259 196661 48
1056266 196661 65568
1056267 196661 32
1056286 196661 65569
1056287 196661 33
1056320 196661 65586
1056321 196661 50
1056342 196661 65561
1056343 196661 25
1056352 196661 65567
1056353 196661 31
1056362 196661 65556
1056363 196661 20
1056384 196616 65553
1056385 196616 17
1056386 13 65553
1056387 13 17
1056388 43 65553
1056389 43 17
1056394 196661 65581
1056395 196661 45
1056420 196612 13 65566
1056421 196612 13 30
1056422 196612 196616 65566
1056423 196612 196616 30
1056426 196610 196612 65566
1056427 196610 196612 30
1056430 196613 13 65566
1056431 196613 13 30
1056432 196613 196616 65566
1056433 196613 196616 30
1056436 196610 196613 65566
1056437 196610 196613 30
1056444 196610 65554
1056445 196610 18
1056446 196612 13 65554
1056447 196612 13 18
1056448 196612 196616 65554
1056449 196612 196616 18
1056452 196610 196612 65554
1056453 196610 196612 18
1056464 196612 13 65560
1056465 196612 13 24
1056466 196612 196616 65560
1056467 196612 196616 24
1056470 196610 196612 65560
1056471 196610 196612 24
1056474 13 196644 65560
1056475 13 196644 24
1056476 196616 196644 65560
1056477 196616 196644 24
1056480 196610 196644 65560
1056481 196610 196644 24
1056488 13 196644 65558
1056489 13 196644 22
1056490 196616 196644 65558
1056491 196616 196644 22
1056494 196610 196644 65558
1056495 196610 196644 22
1056498 196616 65580
1056499 196616 44
1056504 196610 65580
1056505 196610 44
1056792 196655
1056793 196656
1056940 131090
1057168 131093
1057169 196630
1057170 131095
1057171 131094
1057246 73
1057247 81
1057265 71
1057266 79
1057664 82
1057689 84
1111812 59
1111813 60
1111814 61
1111815 62
1111816 63
1111817 64
1111818 65
1111819 66
1111820 67
1111821 68
1111822 87
1111823 88
