3 372
4 1
5 169
1048584 14
1048585 15
1048586 28
1048919 131123 19
1048589 28
19 72
20 80
21 75
22 77
23 353
24 304
25 302
26 350
27 212
1056796 131119
1056797 131120
1048608 57
1048609 65538
1048610 65539
1048611 65540
1048612 131077
1048613 65542
1048614 65543
1048615 43
1048616 65545
1048617 65546
1048618 65579
1048619 12
1048620 51
1048621 53
1048622 52
1048623 65544
1048624 11
1048625 2
1048626 3
1048627 4
1048628 5
1048629 6
1048630 7
1048631 8
1048632 9
57 56
58 100
59 42
60 54
61 15
62 57
1048639 65548
64 150
65 155
66 28
67 14
1048644 65568
1048645 65554
1048646 65569
1048647 65570
1048648 65571
1048649 65559
1048650 65572
1048651 65573
1048652 65574
1048653 65586
1048654 65585
79 226
1048656 65561
1048657 65552
82 127
1048659 65567
84 217
85 290
1048662 65583
1048663 65553
1048664 65581
89 280
1048666 65580
1048667 131081
92 73
93 81
1048671 65589
96 304
1048673 30
1048674 48
99 307
100 308
1048677 18
102 310
103 311
104 312
105 313
106 317
107 318
108 315
1048685 50
110 316
111 1
112 83
113 29
114 97
115 58
116 70
117 347
118 348
1048695 17
120 84
1048596 70
122 327
123 335
124 338
125 159
126 207
127 201
128 381
129 108
130 305
131 59
132 60
133 61
134 62
135 63
136 64
137 65
138 66
139 67
140 68
141 87
142 88
143 69
155 55
1048736 131129
1048737 131074
1048738 196626
1048603 1
164 288
1048741 196629
166 402
167 403
1048745 131118
170 377
1048747 131116
172 362
1048749 131125
1048750 131091
1048751 196661
1048752 196619
1048753 131084
1048754 196611
1048755 196612
1048757 131122
1048758 196649
1048759 131124
1048761 196610
1048762 196658
1048763 131117
1048764 196613
189 257
190 258
191 259
192 260
193 261
194 262
195 263
1048772 27 65566
1048773 65562
198 266
199 267
200 268
201 269
202 270
203 271
1048780 65549 65559
1048781 13 65559
1048782 65563 65559
207 429
208 397
209 171
210 140
1048787 13 65560
1048788 65563 65560
1048789 131099 65560
1048790 27 65560
1048791 196651
1048792 65576
1048793 65549 65558
1048794 13 65558
1048795 65563 65558
220 224
221 225
1048798 196633
1048799 131103
1048800 65549 30
1048801 13 30
1048802 65563 30
1048803 131099 30
1048804 27 30
1048805 26
1048806 39
1048807 131123 46
1048808 65549 18
1048809 13 18
1048810 65563 18
1048811 27 18
1048812 65549 23
1048813 13 23
1048814 65563 23
1048815 27 23
1048816 131104
1048817 131099 49
1048818 65549 24
1048819 13 24
1048820 65563 24
1048821 131099 24
1048925 65563 31
1048823 196616
1048824 40
1048825 65549 22
1048826 13 22
1048827 65563 22
1048828 27 22
1048829 13 21
1048830 131097
1048831 27 21
1048836 196659 65566
1048837 196659 30
1048838 13 65582
1048839 13 46
1048840 65563 65582
1048841 65563 46
1048842 196660 65582
1048843 196660 46
1048844 196648 65582
1048845 196648 46
1048846 196648 65568
1048847 196648 32
1048849 131105
1048854 196660 65554
1048855 196660 18
1048856 196659 65554
1048857 196659 18
1048858 196648 65554
1048859 196648 18
1048860 65563 65570
1048861 65563 34
1048864 196660 65570
1048865 196660 34
1048866 131123 65570
1048867 131123 34
1048868 65563 65571
1048869 65563 35
1048870 196643
1048871 131107
1048872 131099 65559
1048873 131099 23
1048878 196659 65559
1048879 196659 23
1048880 196660 65559
1048881 196631
1048884 65563 65572
1048885 65563 36
1048886 131123 65573
1048887 131123 37
1048888 131109
1048889 13 65574
1048890 13 38
1048891 131123 65574
1048892 131123 38
1048893 196648 65574
1048894 196648 38
1048897 196646
1048898 131110
1048899 13 65585
1048900 13 49
1048901 131123 65585
1048902 131123 49
1048903 196648 65585
1048904 196648 49
1048906 196642
1048907 131106
1048914 196632
1048915 131096
1048916 13 65555
1048917 13 19
1048918 131123 65555
1048633 10
1048920 196648 65555
1048921 196648 19
1048922 13 65567
1048923 13 31
1048924 65563 65567
1048634 65588
1048926 131123 65567
1048927 131123 31
1048928 196648 65567
1048929 196648 31
1048930 131123 65556
1048931 131123 20
1048932 196648 65556
1048933 196648 20
1048936 131099 65558
1048636 86
1048637 65547
1048946 196659 65558
1048947 196659 22
1048948 65563 65553
1048638 65622
1048950 65563 65557
1048951 65563 21
1048952 27 65557
1048953 13 65580
1048954 13 44
1048955 196660 65580
1048956 196660 44
1048957 196648 65580
1048958 196648 44
1048640 131075
1048641 65566
1048642 65584
1057168 131093
1057169 196630
1057170 131095
1057171 131094
1049042 196648 24
1048655 65560
1049062 196648 65570
1049063 196648 34
1048658 65555
1057117 196615
1048660 65556
1048661 65558
86 128
87 281
88 272
1048665 65557
90 208
1048668 131158
1048669 131082
1048672 196655
97 305
98 306
1048675 46
1048676 32
101 309
1048678 33
1048679 34
1048680 35
1048681 23
1048597 183
1048682 36
1048683 37
1048684 38
109 314
1048686 49
1048687 24
1048688 25
1048689 16
1048690 19
1048691 31
1048692 20
1048693 22
1048694 47
1048696 45
121 326
1048698 44
1048699 131080
1048700 131085
1048701 131083
1049513 196624
1048949 65563 17
1048739 131076
1048740 65541
1048742 196621
1048743 65577
1048746 196641
1048748 196694
173 366
174 156
188 256
1048765 41
1048766 131113
1048767 196620
1048768 65549 65566
1048769 13 65566
1048770 65563 65566
1048771 131099 65566
196 264
197 265
1048774 65575
1048775 131123 65582
1048776 65549 65554
1048777 13 65554
1048778 65563 65554
1048779 27 65554
1048783 27 65559
1048784 196640
1048785 131099 65585
1048786 65549 65560
1048796 27 65558
1048797 13 65557
1056940 131090
1048822 27 24
1056258 196660 65584
1056259 196660 48
1056266 196660 65568
1056267 196660 32
1056286 196660 65569
1056287 196660 33
1048697 21
1056320 196660 65586
1056321 196660 50
1056342 196660 65561
1056343 196660 25
1056352 196660 65567
1056353 196660 31
1056362 196660 65556
1056363 196660 20
1056384 65549 65553
1056385 65549 17
1056386 13 65553
1056387 13 17
1056388 27 65553
1056389 27 17
1056394 196660 65581
1056395 196660 45
1056420 13 65563 65566
1056421 13 65563 30
1056422 65563 65549 65566
1056423 65563 65549 30
1056426 65563 131099 65566
1056427 65563 131099 30
1056444 131099 65554
1056445 131099 18
1056446 13 65563 65554
1056447 13 65563 18
1056448 65563 65549 65554
1056449 65563 65549 18
1056452 65563 131099 65554
1056453 65563 131099 18
1056464 13 65563 65560
1056465 13 65563 24
1056466 65563 65549 65560
1056467 65563 65549 24
1056470 65563 131099 65560
1056471 65563 131099 24
1048635 65587
1056498 65549 65557
1056499 65549 21
1056504 131099 65557
1056505 131099 21
1048937 131099 22
1048643 65582
