3 372
4 1
5 169
19 72
20 80
21 75
22 77
23 353
24 304
25 302
26 350
27 212
57 56
58 100
59 42
60 54
61 15
62 57
64 150
65 155
66 28
67 14
79 226
82 127
84 217
85 290
86 128
87 281
88 272
89 280
90 208
92 73
93 81
96 304
97 305
98 306
99 307
100 308
101 309
102 310
103 311
104 312
105 313
106 317
107 318
108 315
109 314
110 316
111 1
112 83
113 29
114 97
115 58
116 70
117 347
118 348
120 84
121 326
122 327
123 335
124 338
125 159
126 207
127 201
128 381
129 108
130 305
131 59
132 60
133 61
134 62
135 63
136 64
137 65
138 66
139 67
140 68
141 87
142 88
143 69
155 55
164 288
166 402
167 403
170 377
172 362
173 366
174 156
188 256
189 257
190 258
191 259
192 260
193 261
194 262
195 263
196 264
197 265
198 266
199 267
200 268
201 269
202 270
203 271
207 429
208 397
209 171
210 140
220 224
221 225
1048584 14
1048585 65551
1048586 28
1048589 91
1048595 198
1048596 70
1048597 84
1048603 1
1048608 57
1048609 65538
1048610 65539
1048611 43
1048612 65541
1048613 65542
1048614 196645
1048615 40
1048616 65546
1048617 65547
1048618 55
1048619 78
1048620 51
1048621 74
1048622 126
1048623 181
1048624 11
1048625 2
1048626 3
1048627 4
1048628 5
1048629 6
1048630 7
1048631 8
1048632 9
1048633 10
1048634 65575
1048635 39
1048636 65587
1048637 89
1048638 65588
1048639 65589
1048640 65576
1048641 65566
1048642 65584
1048643 65582
1048644 65568
1048645 65554
1048646 65569
1048647 65570
1048648 65571
1048649 65559
1048650 65572
1048651 65573
1048652 65574
1048653 65586
1048654 65585
1048655 65560
1048656 65561
1048657 65552
1048658 65555
1048659 65567
1048660 65556
1048661 65558
1048662 65583
1048663 65553
1048664 65581
1048665 65557
1048666 65580
1048667 26
1048668 86
1048669 27
1048670 65543
1048671 65548
1048672 41
1048673 30
1048674 48
1048675 46
1048676 32
1048677 18
1048678 33
1048679 34
1048680 35
1048681 23
1048682 36
1048683 37
1048684 38
1048685 50
1048686 49
1048687 24
1048688 25
1048689 16
1048690 19
1048691 31
1048692 20
1048693 22
1048694 47
1048695 17
1048696 45
1048697 21
1048698 44
1048699 65562
1048700 131158
1048701 65563
1048702 65579
1048703 211
1048737 196610
1048738 131118
1048739 65540
1048741 196629
1048742 196694
1048743 196639
1048745 196654
1048746 196641
1048747 131116
1048748 65577
1048750 196627
1048752 196619
1048753 196618
1048754 131075
1048755 131076
1048757 131122
1048758 131091
1048759 131124
1048761 131074
1048762 196658
1048763 131117
1048764 196613
1048765 131078
1048766 131079
1048767 196620
1048768 131115 65566
1048769 131111 65566
1048770 131112 65566
1048771 131099 65566
1048772 131098 65566
1048774 196638
1048775 131085 65582
1048776 131115 65554
1048777 131111 65554
1048778 131112 65554
1048779 131098 65554
1048780 131115 65559
1048781 131111 65559
1048782 131112 65559
1048783 131098 65559
1048784 196640
1048785 131099 65585
1048786 131115 65560
1048787 131111 65560
1048788 131112 65560
1048789 131099 65560
1048790 131098 65560
1048791 196659
1048792 196632
1048793 131115 65558
1048794 131111 65558
1048795 131112 65558
1048796 131098 65558
1048797 131111 65557
1048798 196633
1048799 131103
1048800 131115 30
1048801 131111 30
1048802 131112 30
1048803 131099 30
1048804 131098 30
1048806 131102
1048807 131085 46
1048808 131115 18
1048809 131111 18
1048810 131112 18
1048811 131098 18
1048812 131115 23
1048813 131111 23
1048814 131112 23
1048815 131098 23
1048816 131104
1048817 131099 49
1048818 131115 24
1048819 131111 24
1048820 131112 24
1048821 131099 24
1048822 131098 24
1048823 196660
1048824 131096
1048825 131115 22
1048826 131111 22
1048827 131112 22
1048828 131098 22
1048829 131111 21
1048830 131097
1048831 131098 21
1048832 196635 65566
1048833 196635 30
1048834 196651 65566
1048835 196651 30
1048836 196621 65566
1048837 196621 30
1048838 131111 65582
1048839 131111 46
1048840 131112 65582
1048841 131112 46
1048842 196661 65582
1048843 196661 46
1048844 196648 65582
1048845 196648 46
1048846 196648 65568
1048847 196648 32
1048849 131105
1048850 196635 65554
1048851 196635 18
1048854 196661 65554
1048855 196661 18
1048856 196621 65554
1048857 196621 18
1048858 196648 65554
1048859 196648 18
1048860 131112 65570
1048861 131112 34
1048862 196651 65570
1048863 196651 34
1048864 196661 65570
1048865 196661 34
1048866 131085 65570
1048867 131085 34
1048868 131112 65571
1048869 131112 35
1048870 196643
1048871 131107
1048872 131099 65559
1048873 131099 23
1048874 196635 65559
1048875 196635 23
1048876 196651 65559
1048877 196651 23
1048878 196621 65559
1048879 196621 23
1048880 196661 65559
1048881 196631
1048884 131112 65572
1048885 131112 36
1048886 131085 65573
1048887 131085 37
1048888 131109
1048889 131111 65574
1048890 131111 38
1048891 131085 65574
1048892 131085 38
1048893 196648 65574
1048894 196648 38
1048897 196646
1048898 131110
1048899 131111 65585
1048900 131111 49
1048901 131085 65585
1048902 131085 49
1048903 196648 65585
1048904 196648 49
1048906 196642
1048907 131106
1048908 196635 65560
1048909 196635 24
1048916 131111 65555
1048917 131111 19
1048918 131085 65555
1048919 131085 19
1048920 196648 65555
1048921 196648 19
1048922 131111 65567
1048923 131111 31
1048924 131112 65567
1048925 131112 31
1048926 131085 65567
1048927 131085 31
1048928 196648 65567
1048929 196648 31
1048930 131085 65556
1048931 131085 20
1048932 196648 65556
1048933 196648 20
1048934 196628
1048935 131092
1048936 131099 65558
1048937 131099 22
1048938 196635 65558
1048939 196635 22
1048940 196651 65558
1048941 196651 22
1048946 196621 65558
1048947 196621 22
1048948 131112 65553
1048949 131112 17
1048950 131112 65557
1048951 131112 21
1048952 131098 65557
1048953 131111 65580
1048954 131111 44
1048955 196661 65580
1048956 196661 44
1048957 196648 65580
1048958 196648 44
1048992 196644 65560
1048993 196644 24
1049007 196644 65558
1049008 196644 22
1049042 196648 65560
1049062 196648 65570
1049063 196648 34
1049513 196624
1056258 196661 65584
1056259 196661 48
1056266 196661 65568
1056267 196661 32
1056286 196661 65569
1056287 196661 33
1056310 131125 65574
1056311 131125 38
1056320 196661 65586
1056321 196661 50
1056342 196661 65561
1056343 196661 25
1056352 196661 65567
1056353 196661 31
1056362 196661 65556
1056363 196661 20
1056384 131115 65553
1056385 131115 17
1056386 131111 65553
1056387 131111 17
1056388 131098 65553
1056389 131098 17
1056394 196661 65581
1056395 196661 45
1056416 131125 65566
1056417 131125 30
1056418 131108 65566
1056419 131108 30
1056420 131111 131112 65566
1056421 131111 131112 30
1056422 131112 131115 65566
1056423 131112 131115 30
1056424 131108 131112 65566
1056425 131108 131112 30
1056426 131099 131112 65566
1056427 131099 131112 30
1056428 131112 131125 65566
1056429 131112 131125 30
1056430 131111 196651 65566
1056431 131111 196651 30
1056432 131115 196651 65566
1056433 131115 196651 30
1056434 131108 196651 65566
1056435 131108 196651 30
1056436 131099 196651 65566
1056437 131099 196651 30
1056438 196651 131125 65566
1056439 196651 131125 30
1056440 131125 65554
1056441 131125 18
1056442 131108 65554
1056443 131108 18
1056444 131099 65554
1056445 131099 18
1056446 131111 131112 65554
1056447 131111 131112 18
1056448 131112 131115 65554
1056449 131112 131115 18
1056450 131108 131112 65554
1056451 131108 131112 18
1056452 131099 131112 65554
1056453 131099 131112 18
1056454 131112 131125 65554
1056455 131112 131125 18
1056456 131108 65559
1056457 131108 23
1056458 131125 65559
1056459 131125 23
1056460 131125 65560
1056461 131125 24
1056462 131108 65560
1056463 131108 24
1056464 131111 131112 65560
1056465 131111 131112 24
1056466 131112 131115 65560
1056467 131112 131115 24
1056468 131108 131112 65560
1056469 131108 131112 24
1056470 131099 131112 65560
1056471 131099 131112 24
1056472 131112 131125 65560
1056473 131112 131125 24
1056474 196644 131111 65560
1056475 196644 131111 24
1056476 196644 131115 65560
1056477 196644 131115 24
1056478 131108 196644 65560
1056479 131108 196644 24
1056480 131099 196644 65560
1056481 131099 196644 24
1056482 196644 131125 65560
1056483 196644 131125 24
1056484 131125 65558
1056485 131125 22
1056486 131108 65558
1056487 131108 22
1056488 196644 131111 65558
1056489 196644 131111 22
1056490 196644 131115 65558
1056491 196644 131115 22
1056492 131108 196644 65558
1056493 131108 196644 22
1056494 131099 196644 65558
1056495 131099 196644 22
1056496 196644 131125 65558
1056497 196644 131125 22
1056498 131115 65557
1056499 131115 21
1056500 131125 65557
1056501 131125 21
1056502 131108 65557
1056503 131108 21
1056504 131099 65557
1056505 131099 21
1056792 196655
1056793 196656
1056796 131119
1056797 131120
1056940 131077
1057058 196617
1057115 196611
1057116 196614
1057117 196615
1057118 196616
1057168 203
1057169 200
1057170 205
1057171 208
1057246 201
1057247 209
1057265 199
1057266 207
1057664 210
1057689 84
1111812 59
1111813 60
1111814 61
1111815 62
1111816 63
1111817 64
1111818 65
1111819 66
1111820 67
1111821 68
1111822 87
1111823 88
