3 372
4 1
5 169
19 72
20 80
21 75
22 77
23 353
24 304
25 302
26 350
27 212
57 56
58 100
59 42
60 54
61 15
62 57
64 150
65 155
66 28
67 14
79 226
82 127
84 217
85 290
86 128
87 281
88 272
89 280
90 208
92 73
93 81
96 304
97 305
98 306
99 307
100 308
101 309
102 310
103 311
104 312
105 313
106 317
107 318
108 315
109 314
110 316
111 1
112 83
113 29
114 97
115 58
116 70
117 347
118 348
120 84
121 326
122 327
123 335
124 338
125 159
126 207
127 201
128 381
129 108
130 305
131 59
132 60
133 61
134 62
135 63
136 64
137 65
138 66
139 67
140 68
141 87
142 88
143 69
155 55
164 288
166 402
167 403
170 377
172 362
173 366
174 156
188 256
189 257
190 258
191 259
192 260
193 261
194 262
195 263
196 264
197 265
198 266
199 267
200 268
201 269
202 270
203 271
207 429
208 397
209 171
210 140
220 224
221 225
1048584 14
1048585 65551
1048586 28
1048589 91
1048595 198
1048596 70
1048597 84
1048603 1
1048608 57
1048609 65538
1048610 65576
1048611 65540
1048612 65541
1048613 65542
1048614 65544
1048615 40
1048616 65546
1048617 65547
1048618 55
1048619 78
1048620 51
1048621 74
1048622 126
1048623 181
1048624 11
1048625 2
1048626 3
1048627 4
1048628 5
1048629 6
1048630 7
1048631 8
1048632 9
1048633 10
1048634 65575
1048635 39
1048636 86
1048637 89
1048638 65622
1048639 65589
1048640 65539
1048641 65566
1048642 65584
1048643 65582
1048644 65568
1048645 65554
1048646 65569
1048647 65570
1048648 65571
1048649 65559
1048650 65572
1048651 65573
1048652 65574
1048653 65586
1048654 65585
1048655 65560
1048656 65561
1048657 65552
1048658 65555
1048659 65567
1048660 65556
1048661 65558
1048662 65583
1048663 65553
1048664 65581
1048665 65557
1048666 65580
1048667 26
1048668 43
1048669 27
1048670 65543
1048671 65548
1048672 41
1048673 30
1048674 48
1048675 46
1048676 32
1048677 18
1048678 33
1048679 34
1048680 35
1048681 23
1048682 36
1048683 37
1048684 38
1048685 50
1048686 49
1048687 24
1048688 25
1048689 16
1048690 19
1048691 31
1048692 20
1048693 22
1048694 47
1048695 17
1048696 45
1048697 21
1048698 44
1048699 65562
1048700 131158
1048701 65563
1048702 65577
1048703 211
1048742 196694
1057168 203
1057169 200
1057170 205
1057171 208
1057246 201
1057247 209
1057265 199
1057266 207
1057664 210
1057689 84
1111812 59
1111813 60
1111814 61
1111815 62
1111816 63
1111817 64
1111818 65
1111819 66
1111820 67
1111821 68
1111822 87
1111823 88
