3 372
4 1
5 169
19 72
20 80
21 75
22 77
23 353
24 304
25 302
26 350
27 212
57 56
58 312
59 42
60 54
61 15
62 57
64 150
65 155
66 28
67 14
79 226
82 127
84 217
85 290
86 128
87 281
88 272
89 280
90 208
92 73
93 81
96 304
97 305
98 306
99 307
100 308
101 309
102 310
103 311
104 312
105 313
106 317
107 318
108 315
109 314
110 316
111 1
112 83
113 29
114 285
115 58
116 70
117 347
118 348
120 84
121 326
122 327
123 335
124 338
125 159
126 207
127 201
128 381
129 108
130 305
131 59
132 60
133 61
134 62
135 63
136 64
137 65
138 66
139 67
140 68
141 87
142 88
143 69
155 55
164 288
166 402
167 403
170 377
172 362
173 366
174 156
188 256
189 257
190 258
191 259
192 260
193 261
194 262
195 263
196 264
197 265
198 266
199 267
200 268
201 269
202 270
203 271
207 429
208 397
209 171
210 140
220 224
221 225
1048584 14
1048585 15
1048586 28
1048589 28
1048595 198
1048596 70
1048597 84
1048603 1
1048608 57
1048609 65538
1048610 65539
1048611 65540
1048612 131077
1048613 65542
1048614 65543
1048615 43
1048616 65545
1048617 65546
1048618 65579
1048619 12
1048620 51
1048621 53
1048622 52
1048623 65544
1048624 11
1048625 2
1048626 3
1048627 4
1048628 5
1048629 6
1048630 7
1048631 8
1048632 9
1048633 10
1048634 65588
1048635 65587
1048636 196617
1048637 65547
1048638 196618
1048639 65548
1048640 131075
1048641 65566
1048642 65584
1048643 65582
1048644 65568
1048645 65554
1048646 65569
1048647 65570
1048648 65571
1048649 65559
1048650 65572
1048651 65573
1048652 65574
1048653 65586
1048654 65585
1048655 65560
1048656 65561
1048657 65552
1048658 65555
1048659 65567
1048660 65556
1048661 65558
1048662 65583
1048663 65553
1048664 65581
1048665 65557
1048666 65580
1048667 131081
1048668 131084
1048669 131082
1048671 65589
1048673 30
1048674 48
1048675 46
1048676 32
1048677 18
1048678 33
1048679 34
1048680 35
1048681 23
1048682 36
1048683 37
1048684 38
1048685 50
1048686 49
1048687 24
1048688 25
1048689 16
1048690 19
1048691 31
1048692 20
1048693 22
1048694 47
1048695 17
1048696 45
1048697 21
1048698 44
1048699 131080
1048700 196631
1048701 131083
1048703 83
1048736 131129
1048737 196610
1048739 131076
1048740 65541
1048742 196694
1048743 41
1048747 196613
1048752 196619
1048757 131122
1048759 196653
1048763 196612
1048765 65577
1048767 196620
1048768 65549 65566
1048769 13 65566
1048770 65563 65566
1048771 131099 65566
1048772 65576
1048773 65562
1048774 196648
1048775 131085 65582
1048776 65549 65554
1048777 13 65554
1048778 65563 65554
1048779 27 65554
1048780 65549 65559
1048781 13 65559
1048782 65563 65559
1048783 27 65559
1048784 196640
1048785 131099 65585
1048786 65549 65560
1048787 13 65560
1048788 65563 65560
1048789 131099 65560
1048790 65575
1048791 131117
1048792 196647
1048793 65549 65558
1048794 13 65558
1048795 65563 65558
1048796 27 65558
1048797 13 65557
1048798 196628
1048799 131103
1048800 65549 30
1048801 13 30
1048802 65563 30
1048803 131099 30
1048804 40
1048805 26
1048806 131112
1048807 131085 46
1048808 65549 18
1048809 13 18
1048810 65563 18
1048811 27 18
1048812 65549 23
1048813 13 23
1048814 65563 23
1048815 27 23
1048816 131104
1048817 131099 49
1048818 65549 24
1048819 13 24
1048820 65563 24
1048821 131099 24
1048822 39
1048824 131111
1048825 65549 22
1048826 13 22
1048827 65563 22
1048828 27 22
1048829 13 21
1048830 131092
1048831 27 21
1048832 196635 65566
1048833 196635 30
1048834 196651 65566
1048835 196651 30
1048836 196621 65566
1048837 196621 30
1048838 13 65582
1048839 13 46
1048840 65563 65582
1048841 65563 46
1048842 196660 65582
1048843 196660 46
1048844 131115 65582
1048845 131115 46
1048846 131115 65568
1048847 131115 32
1048848 131113 65568
1048849 131113 32
1048850 196635 65554
1048851 196635 18
1048854 196660 65554
1048855 196660 18
1048856 196621 65554
1048857 196621 18
1048858 131115 65554
1048859 131115 18
1048860 65563 65570
1048861 65563 34
1048862 196651 65570
1048863 196651 34
1048864 196660 65570
1048865 196660 34
1048866 131085 65570
1048867 131085 34
1048868 65563 65571
1048869 65563 35
1048870 131113 65571
1048871 131113 35
1048872 131099 65559
1048873 131099 23
1048874 196635 65559
1048875 196635 23
1048876 196651 65559
1048877 196651 23
1048878 196621 65559
1048879 196621 23
1048880 196660 65559
1048881 131095
1048884 65563 65572
1048885 65563 36
1048886 131085 65573
1048887 131085 37
1048888 131109
1048889 13 65574
1048890 13 38
1048891 131085 65574
1048892 131085 38
1048893 131115 65574
1048894 131115 38
1048897 131113 65574
1048898 131113 38
1048899 13 65585
1048900 13 49
1048901 131085 65585
1048902 131085 49
1048903 131115 65585
1048904 131115 49
1048906 196657
1048907 131121
1048908 196635 65560
1048909 196635 24
1048914 196632
1048915 131096
1048916 13 65555
1048917 13 19
1048918 131085 65555
1048919 131085 19
1048920 131115 65555
1048921 131115 19
1048922 13 65567
1048923 13 31
1048924 65563 65567
1048925 65563 31
1048926 131085 65567
1048927 131085 31
1048928 131115 65567
1048929 131115 31
1048930 131085 65556
1048931 131085 20
1048932 131115 65556
1048933 131115 20
1048936 131099 65558
1048937 131099 22
1048938 196635 65558
1048939 196635 22
1048940 196651 65558
1048941 196651 22
1048946 196621 65558
1048947 196621 22
1048948 65563 65553
1048949 65563 17
1048950 65563 65557
1048951 65563 21
1048952 27 65557
1048953 13 65580
1048954 13 44
1048955 196660 65580
1048956 196660 44
1048957 131115 65580
1048958 131115 44
1048975 196638
1048992 131097 65560
1048993 131097 24
1049007 131097 65558
1049008 131097 22
1049013 131113 65580
1049014 131113 44
1049015 131116
1049042 131115 65560
1049062 131115 65570
1049063 131115 34
1049177 131102
1049234 196652
1056258 196660 65584
1056259 196660 48
1056266 196660 65568
1056267 196660 32
1056286 196660 65569
1056287 196660 33
1056310 131124 65574
1056311 131124 38
1056320 196660 65586
1056321 196660 50
1056342 196660 65561
1056343 196660 25
1056352 196660 65567
1056353 196660 31
1056362 196660 65556
1056363 196660 20
1056384 65549 65553
1056385 65549 17
1056386 13 65553
1056387 13 17
1056388 27 65553
1056389 27 17
1056394 196660 65581
1056395 196660 45
1056416 131124 65566
1056417 131124 30
1056418 196633 65566
1056419 196633 30
1056420 13 65563 65566
1056421 13 65563 30
1056422 65549 65563 65566
1056423 65549 65563 30
1056424 196633 65563 65566
1056425 196633 65563 30
1056426 65563 131099 65566
1056427 65563 131099 30
1056428 65563 131124 65566
1056429 65563 131124 30
1056430 13 196651 65566
1056431 13 196651 30
1056432 65549 196651 65566
1056433 65549 196651 30
1056434 196633 196651 65566
1056435 196633 196651 30
1056436 131099 196651 65566
1056437 131099 196651 30
1056438 196651 131124 65566
1056439 196651 131124 30
1056440 131124 65554
1056441 131124 18
1056442 196633 65554
1056443 196633 18
1056444 131099 65554
1056445 131099 18
1056446 13 65563 65554
1056447 13 65563 18
1056448 65549 65563 65554
1056449 65549 65563 18
1056450 196633 65563 65554
1056451 196633 65563 18
1056452 65563 131099 65554
1056453 65563 131099 18
1056454 65563 131124 65554
1056455 65563 131124 18
1056456 196633 65559
1056457 196633 23
1056458 131124 65559
1056459 131124 23
1056460 131124 65560
1056461 131124 24
1056462 196633 65560
1056463 196633 24
1056464 13 65563 65560
1056465 13 65563 24
1056466 65549 65563 65560
1056467 65549 65563 24
1056468 196633 65563 65560
1056469 196633 65563 24
1056470 65563 131099 65560
1056471 65563 131099 24
1056472 65563 131124 65560
1056473 65563 131124 24
1056474 13 131097 65560
1056475 13 131097 24
1056476 65549 131097 65560
1056477 65549 131097 24
1056478 131097 196633 65560
1056479 131097 196633 24
1056480 131097 131099 65560
1056481 131097 131099 24
1056482 131097 131124 65560
1056483 131097 131124 24
1056484 131124 65558
1056485 131124 22
1056486 196633 65558
1056487 196633 22
1056488 13 131097 65558
1056489 13 131097 22
1056490 65549 131097 65558
1056491 65549 131097 22
1056492 131097 196633 65558
1056493 131097 196633 22
1056494 131097 131099 65558
1056495 131097 131099 22
1056496 131097 131124 65558
1056497 131097 131124 22
1056498 65549 65557
1056499 65549 21
1056500 131124 65557
1056501 131124 21
1056502 196633 65557
1056503 196633 21
1056504 131099 65557
1056505 131099 21
1056787 131125
1056788 196658
1056792 196659
1056793 131123
1056794 131079
1056796 196614
1056797 196611
1056798 196615
1056816 131078
1056940 131090
1057168 75
1057169 72
1057170 77
1057171 80
1057246 73
1057247 81
1057265 71
1057266 79
1057664 82
1057689 84
1111812 59
1111813 60
1111814 61
1111815 62
1111816 63
1111817 64
1111818 65
1111819 66
1111820 67
1111821 68
1111822 87
1111823 88
