3 372
4 1
5 169
19 72
20 80
21 75
22 77
23 353
24 304
25 302
26 350
27 212
57 56
58 100
59 42
60 54
61 15
62 57
64 150
65 155
66 28
67 14
79 226
82 127
84 217
85 290
86 128
87 281
88 272
89 280
90 208
92 73
93 81
96 304
97 305
98 306
99 307
100 308
101 309
102 310
103 311
104 312
105 313
106 317
107 318
108 315
109 314
110 316
111 1
112 83
113 29
114 97
115 58
116 70
117 347
118 348
120 84
121 326
122 327
123 335
124 338
125 159
126 207
127 201
128 381
129 108
130 305
131 59
132 60
133 61
134 62
135 63
136 64
137 65
138 66
139 67
140 68
141 87
142 88
143 69
155 55
164 288
166 402
167 403
170 377
172 362
173 366
174 156
188 256
189 257
190 258
191 259
192 260
193 261
194 262
195 263
196 264
197 265
198 266
199 267
200 268
201 269
202 270
203 271
207 429
208 397
209 171
210 140
220 224
221 225
1048584 14
1048585 15
1048586 91
1048589 28
1048595 198
1048596 70
1048597 84
1048603 1
1048608 57
1048609 65538
1048610 65539
1048611 41
1048612 65541
1048613 65542
1048614 65544
1048615 65587
1048616 65546
1048617 65547
1048618 55
1048619 78
1048620 51
1048621 74
1048622 126
1048623 181
1048624 11
1048625 2
1048626 3
1048627 4
1048628 5
1048629 6
1048630 7
1048631 8
1048632 9
1048633 10
1048634 65575
1048635 39
1048636 43
1048637 13
1048638 65579
1048639 65543
1048640 131075
1048641 65566
1048642 65584
1048643 65582
1048644 65568
1048645 65554
1048646 65569
1048647 65570
1048648 65571
1048649 65559
1048650 65572
1048651 65573
1048652 65574
1048653 65586
1048654 65585
1048655 65560
1048656 65561
1048657 65552
1048658 65555
1048659 65567
1048660 65556
1048661 65558
1048662 65583
1048663 65553
1048664 65581
1048665 65557
1048666 65580
1048667 131098
1048668 131113
1048669 131099
1048671 65548
1048673 30
1048674 48
1048675 46
1048676 32
1048677 18
1048678 33
1048679 34
1048680 35
1048681 23
1048682 36
1048683 37
1048684 38
1048685 50
1048686 49
1048687 24
1048688 25
1048689 16
1048690 19
1048691 31
1048692 20
1048693 22
1048694 47
1048695 17
1048696 45
1048697 21
1048698 44
1048699 131112
1048700 65577
1048701 131115
1048702 131111
1048736 131129
1048738 131077
1048739 131076
1048740 131078
1048742 196694
1048743 131096
1048747 86
1048748 131079
1048749 131124
1048751 131123
1048752 131158
1048753 131074
1048754 131081
1048755 131082
1048757 131122
1048758 131097
1048763 65622
1048764 131083
1048765 131084
1048766 131085
1048768 40 65566
1048769 131125 65566
1048770 26 65566
1048772 65563 65566
1048775 27 65582
1048776 40 65554
1048777 65589
1048778 26 65554
1048779 65563 65554
1048780 40 65559
1048781 131125 65559
1048782 26 65559
1048783 65563 65559
1048786 40 65560
1048787 131125 65560
1048788 26 65560
1048790 65563 65560
1048793 40 65558
1048794 131125 65558
1048795 26 65558
1048796 65563 65558
1048797 131125 65557
1048800 40 30
1048801 131125 30
1048802 26 30
1048804 65563 30
1048807 27 46
1048808 40 18
1048809 53
1048810 26 18
1048811 65563 18
1048812 40 23
1048813 131125 23
1048814 26 23
1048815 65563 23
1048818 40 24
1048819 131125 24
1048820 26 24
1048822 65563 24
1048825 40 22
1048826 131125 22
1048827 26 22
1048828 65563 22
1048829 131125 21
1048831 65563 21
1048838 131125 65582
1048839 131125 46
1048840 26 65582
1048841 26 46
1048860 26 65570
1048861 26 34
1048866 27 65570
1048867 27 34
1048868 26 65571
1048869 26 35
1048884 26 65572
1048885 26 36
1048886 27 65573
1048887 27 37
1048889 131125 65574
1048890 131125 38
1048891 27 65574
1048892 27 38
1048899 131125 65585
1048900 131125 49
1048901 27 65585
1048902 27 49
1048916 131125 65555
1048917 131125 19
1048918 27 65555
1048919 27 19
1048922 131125 65567
1048923 131125 31
1048924 26 65567
1048925 26 31
1048926 27 65567
1048927 27 31
1048930 27 65556
1048931 27 20
1048948 26 65553
1048949 26 17
1048950 26 65557
1048951 26 21
1048952 65563 65557
1048953 131125 65580
1048954 131125 44
1056384 40 65553
1056385 40 17
1056386 131125 65553
1056387 131125 17
1056388 65563 65553
1056389 65563 17
1056420 26 131125 65566
1056421 26 131125 30
1056422 26 40 65566
1056423 26 40 30
1056446 26 131125 65554
1056447 26 131125 18
1056448 26 40 65554
1056449 26 40 18
1056464 26 131125 65560
1056465 26 131125 24
1056466 26 40 65560
1056467 26 40 24
1056498 40 65557
1056499 40 21
1057168 203
1057169 200
1057170 205
1057171 208
1057246 201
1057247 209
1057265 199
1057266 207
1111812 59
1111813 60
1111814 61
1111815 62
1111816 63
1111817 64
1111818 65
1111819 66
1111820 67
1111821 68
1111822 87
1111823 88
