3 372
4 1
5 169
19 72
20 80
21 75
22 77
23 353
24 304
25 302
26 350
27 212
57 56
58 100
59 42
60 54
61 15
62 57
64 150
65 155
66 28
67 14
79 226
82 127
84 217
85 290
86 128
87 281
88 272
89 280
90 208
92 73
93 81
96 304
97 305
98 306
99 307
100 308
101 309
102 310
103 311
104 312
105 313
106 317
107 318
108 315
109 314
110 316
111 1
112 83
113 29
114 97
115 58
116 70
117 347
118 348
120 84
121 326
122 327
123 335
124 338
125 159
126 207
127 201
128 381
129 108
130 305
131 59
132 60
133 61
134 62
135 63
136 64
137 65
138 66
139 67
140 68
141 87
142 88
143 69
155 55
164 288
166 402
167 403
170 377
172 362
173 366
174 156
188 256
189 257
190 258
191 259
192 260
193 261
194 262
195 263
196 264
197 265
198 266
199 267
200 268
201 269
202 270
203 271
207 429
208 397
209 171
210 140
220 224
221 225
1048584 14
1048585 65551
1048586 28
1048589 91
1048595 198
1048596 70
1048597 84
1048603 1
1048608 57
1048609 65538
1048610 65539
1048611 43
1048612 65541
1048613 65542
1048614 196645
1048615 65579
1048616 65545
1048617 65546
1048618 55
1048619 78
1048620 51
1048621 74
1048622 126
1048623 181
1048624 11
1048625 2
1048626 3
1048627 4
1048628 5
1048629 6
1048630 7
1048631 8
1048632 9
1048633 10
1048634 65588
1048635 65587
1048636 86
1048637 89
1048638 65622
1048639 65548
1048640 131088
1048641 65566
1048642 65584
1048643 65582
1048644 65568
1048645 65554
1048646 65569
1048647 65570
1048648 65571
1048649 65559
1048650 65572
1048651 65573
1048652 65574
1048653 65586
1048654 65585
1048655 65560
1048656 65561
1048657 65552
1048658 65555
1048659 65567
1048660 65556
1048661 65558
1048662 65583
1048663 65553
1048664 65581
1048665 65580
1048666 65557
1048667 131081
1048668 131084
1048669 131082
1048670 41
1048671 65589
1048672 196651
1048673 30
1048674 48
1048675 46
1048676 32
1048677 18
1048678 33
1048679 34
1048680 35
1048681 23
1048682 36
1048683 37
1048684 38
1048685 50
1048686 49
1048687 24
1048688 25
1048689 16
1048690 19
1048691 31
1048692 20
1048693 22
1048694 47
1048695 17
1048696 45
1048697 44
1048698 21
1048699 131080
1048700 131158
1048701 131083
1048702 131099
1048703 211
1048737 196610
1048738 131118
1048739 196612
1048740 196613
1048741 196629
1048743 65540
1048744 131098
1048745 196654
1048746 196641
1048747 131117
1048748 131113
1048750 196627
1048751 196635
1048752 65577
1048753 196618
1048754 131075
1048755 131076
1048756 13
1048757 131122
1048758 131091
1048759 131123
1048760 131085
1048761 131074
1048762 196658
1048763 131116
1048764 131077
1048765 131078
1048767 196620
1048772 65576
1048774 196638
1048784 196640
1048790 65575
1048791 196659
1048792 196632
1048796 65562
1048798 196633
1048799 12
1048804 40
1048806 131102
1048816 131104
1048822 39
1048823 196660
1048824 131096
1048828 26
1048830 131097
1048842 196644 65582
1048843 196644 46
1048849 131105
1048854 196644 65554
1048855 196644 18
1048864 196644 65570
1048865 196644 34
1048870 196643
1048871 131107
1048880 196644 65559
1048881 196631
1048888 131109
1048897 196646
1048898 131110
1048906 196642
1048907 131106
1048934 196628
1048935 131092
1048955 196644 65557
1048956 196644 21
1048959 131103
1049309 131111
1049513 196624
1056258 196644 65584
1056259 196644 48
1056266 196644 65568
1056267 196644 32
1056286 196644 65569
1056287 196644 33
1056310 131108 65574
1056311 131108 38
1056320 196644 65586
1056321 196644 50
1056342 196644 65561
1056343 196644 25
1056352 196644 65567
1056353 196644 31
1056362 196644 65556
1056363 196644 20
1056394 196644 65581
1056395 196644 45
1056414 196639
1056416 131108 65566
1056417 131108 30
1056440 131108 65554
1056441 131108 18
1056458 131108 65559
1056459 131108 23
1056460 131108 65560
1056461 131108 24
1056484 131108 65558
1056485 131108 22
1056500 131108 65580
1056501 131108 44
1056787 131125
1056788 196661
1056792 196656
1056793 196657
1056794 196655
1056796 131120
1056797 131121
1056798 131119
1056806 131124
1056825 196653
1056826 196652
1056940 131090
1057058 196617
1057115 196611
1057116 196614
1057117 196615
1057118 196616
1057168 203
1057169 200
1057170 205
1057171 208
1057246 201
1057247 209
1057265 199
1057266 207
1057664 210
1057689 84
1111812 59
1111813 60
1111814 61
1111815 62
1111816 63
1111817 64
1111818 65
1111819 66
1111820 67
1111821 68
1111822 87
1111823 88
