3 372
4 1
5 169
1048584 14
1048585 15
1048586 28
1048663 65553
1048685 50
1048589 28
1048664 65581
19 72
20 80
21 75
22 77
23 353
24 304
25 302
26 350
27 212
1048662 65583
1048666 65557
1048608 57
1048609 65541
1048610 65539
1048611 131117
1048612 131111
1048613 65542
1048614 131118
1048615 65538
1048616 65545
1048668 131088
1048618 131125
1048619 65540
1048620 51
1048621 53
1048622 52
1048623 65543
1048624 41
1048625 2
1048626 3
1048627 4
1048628 5
1048629 6
1048630 7
1048631 8
1048632 9
57 56
58 100
59 42
60 54
61 15
62 57
1048639 65587
64 150
65 155
66 28
67 14
1048644 65568
1048645 65554
1048646 65569
1048673 30
1048648 65571
1048649 65559
1048650 65572
1048651 65573
1048652 65574
1048674 48
1048654 65585
79 226
1048656 65561
1048657 65552
82 127
1048659 65567
84 217
85 290
86 128
87 281
88 272
89 280
90 208
1048667 131105
92 73
93 81
1048596 70
1048677 18
96 304
97 305
98 306
99 307
100 308
101 309
102 310
103 311
104 312
105 313
106 317
107 318
108 315
109 314
110 316
111 1
112 83
113 29
114 97
115 58
116 70
117 347
118 348
1048695 17
120 84
121 326
122 327
123 335
124 338
125 159
126 207
127 201
128 381
129 108
130 305
131 59
132 60
133 61
134 62
135 63
136 64
137 65
138 66
139 67
140 68
141 87
142 88
143 69
1048683 37
1048686 49
1048696 45
155 55
1048688 25
1048603 1
164 288
166 402
167 403
1048744 131084
170 377
1049287 131075
172 362
173 366
174 156
1048752 131078
1048684 38
1048691 31
1048756 131082
1048777 65575
1048760 131085
1048692 20
188 256
189 257
190 258
191 259
192 260
193 261
194 262
195 263
196 264
197 265
198 266
199 267
200 268
201 269
202 270
203 271
1048781 131095
207 429
208 397
209 171
210 140
1048787 65549
1048617 65546
1048790 65547
1048697 44
1049304 131077
1049305 131081
1048794 65563
1049307 131079
220 224
221 225
1048799 131112
1048801 40
1048699 131120
1048700 131089
1048813 131108
1048669 131106
1048701 131121
1048819 13
1048702 131074
1048822 11
1048823 131098
1048826 27
1048828 12
1048748 131113
1048687 24
1048670 131076
1048848 131104
1048849 131103
1048680 35
1048796 65548
1048671 65589
1049309 131083
1056940 131090
1048791 131099
1048897 131110
1048898 131109
1048689 16
1048672 131080
1048597 183
1048912 65562
1048913 26
1048769 65576
1048633 10
1048634 65588
1048635 131123
1048690 19
1048636 131158
1048637 65544
1048944 65579
1048945 43
1048638 131116
1048809 39
1048640 131119
1048641 65566
1048642 65584
1048682 36
1048675 46
1048698 21
1048647 65570
1048665 65580
1048681 23
1048693 22
1048676 32
1048653 65586
1048740 131115
1048655 65560
1048694 47
1048643 65582
1048742 196694
1048743 65577
1048658 65555
1048679 34
1048660 65556
1048678 33
1048661 65558
