3 372
4 1
5 169
19 72
20 80
21 75
22 77
23 353
24 304
25 302
26 350
27 212
57 56
58 100
59 42
60 54
61 15
62 57
64 150
65 155
66 28
67 14
79 226
82 127
84 217
85 290
86 128
87 281
88 272
89 280
90 208
92 73
93 81
96 304
97 305
98 306
99 307
100 308
101 309
102 310
103 311
104 312
105 313
106 317
107 318
108 315
109 314
110 316
111 1
112 83
113 29
114 97
115 58
116 70
117 347
118 348
120 84
121 326
122 327
123 335
124 338
125 159
126 207
127 201
128 381
129 108
130 305
131 59
132 60
133 61
134 62
135 63
136 64
137 65
138 66
139 67
140 68
141 87
142 88
143 69
155 55
164 288
166 402
167 403
170 377
172 362
173 366
174 156
188 256
189 257
190 258
191 259
192 260
193 261
194 262
195 263
196 264
197 265
198 266
199 267
200 268
201 269
202 270
203 271
207 429
208 397
209 171
210 140
220 224
221 225
1048584 14
1048585 65551
1048586 28
1048589 91
1048595 198
1048596 70
1048597 84
1048603 1
1048608 57
1048609 65538
1048610 65539
1048611 131112
1048612 65541
1048613 65542
1048614 196645
1048615 12
1048616 65545
1048617 65546
1048618 55
1048619 78
1048620 51
1048621 74
1048622 126
1048623 181
1048624 11
1048625 2
1048626 3
1048627 4
1048628 5
1048629 6
1048630 7
1048631 8
1048632 9
1048633 10
1048634 65588
1048635 65587
1048636 86
1048637 89
1048638 65622
1048639 65548
1048640 131111
1048641 65566
1048642 65584
1048643 65582
1048644 65568
1048645 65554
1048646 65569
1048647 65570
1048648 65571
1048649 65559
1048650 65572
1048651 65573
1048652 65574
1048653 65586
1048654 65585
1048655 65560
1048656 65561
1048657 65552
1048658 65555
1048659 65567
1048660 65556
1048661 65558
1048662 65583
1048663 65553
1048664 65581
1048665 65557
1048666 65580
1048667 131098
1048668 41
1048669 131099
1048670 65549
1048671 65589
1048672 131084
1048673 30
1048674 48
1048675 46
1048676 32
1048677 18
1048678 33
1048679 34
1048680 35
1048681 23
1048682 36
1048683 37
1048684 38
1048685 50
1048686 49
1048687 24
1048688 25
1048689 16
1048690 19
1048691 31
1048692 20
1048693 22
1048694 47
1048695 17
1048696 45
1048697 21
1048698 44
1048699 196634
1048700 65577
1048701 196635
1048702 131085
1048703 211
1048737 196610
1048738 131118
1048739 65540
1048741 196629
1048742 196649
1048743 65579
1048745 196654
1048746 196641
1048747 131158
1048748 131113
1048750 196627
1048752 65576
1048753 196618
1048754 131075
1048755 131076
1048757 131122
1048758 131091
1048759 131124
1048761 131074
1048762 196658
1048763 196694
1048764 131077
1048765 131078
1048767 196620
1048768 131115 65566
1048769 131123 65566
1048770 196621 65566
1048771 196612 65566
1048772 196660 65566
1048774 196638
1048775 196647 65582
1048776 131115 65554
1048777 131123 65554
1048778 196621 65554
1048779 196660 65554
1048780 131115 65559
1048781 131123 65559
1048782 196621 65559
1048783 196660 65559
1048784 196640
1048785 196657
1048786 131115 65560
1048787 131123 65560
1048788 196621 65560
1048789 196612 65560
1048790 196660 65560
1048791 196659
1048792 196632
1048793 131115 65558
1048794 131123 65558
1048795 196621 65558
1048796 196660 65558
1048797 131123 65557
1048798 196633
1048799 131103
1048800 40
1048801 131123 30
1048802 196621 30
1048803 196612 30
1048804 196660 30
1048806 131102
1048807 65575
1048808 26
1048809 65562
1048810 196621 18
1048811 196660 18
1048812 13
1048813 131123 23
1048814 196621 23
1048815 196660 23
1048816 131104
1048817 131121
1048818 39
1048819 131123 24
1048820 196621 24
1048821 196612 24
1048822 196660 24
1048823 196661
1048824 131096
1048825 43
1048826 131123 22
1048827 196621 22
1048828 196660 22
1048829 131123 21
1048830 131097
1048831 196660 21
1048832 131125 65566
1048833 131125 30
1048834 196651 65566
1048835 196651 30
1048836 196619 65566
1048837 196619 30
1048838 131123 65582
1048839 131123 46
1048840 196621 65582
1048841 196621 46
1048849 131105
1048850 131125 65554
1048851 131125 18
1048856 196619 65554
1048857 196619 18
1048860 196621 65570
1048861 196621 34
1048862 196651 65570
1048863 196651 34
1048866 196647 65570
1048867 196647 34
1048868 196621 65571
1048869 196621 35
1048870 196643
1048871 131107
1048872 196612 65559
1048873 196612 23
1048874 131125 65559
1048875 131125 23
1048876 196651 65559
1048877 196651 23
1048878 196619 65559
1048879 196619 23
1048881 196631
1048884 196621 65572
1048885 196621 36
1048886 196647 65573
1048887 196647 37
1048888 131109
1048889 131123 65574
1048890 131123 38
1048891 196647 65574
1048892 196647 38
1048897 196646
1048898 131110
1048899 131123 65585
1048900 131123 49
1048901 196647 65585
1048902 196647 49
1048906 196642
1048907 131106
1048908 131125 65560
1048909 131125 24
1048912 196611 65560
1048913 196611 24
1048916 131123 65555
1048917 131123 19
1048918 196647 65555
1048919 196647 19
1048922 131123 65567
1048923 131123 31
1048924 196621 65567
1048925 196621 31
1048926 196647 65567
1048927 196647 31
1048930 196647 65556
1048931 196647 20
1048934 196628
1048935 131092
1048936 196612 65558
1048937 196612 22
1048938 131125 65558
1048939 131125 22
1048940 196651 65558
1048941 196651 22
1048944 196611 65558
1048945 196611 22
1048946 196619 65558
1048947 196619 22
1048948 196621 65553
1048949 196621 17
1048950 196621 65557
1048951 196621 21
1048952 196660 65557
1048953 131123 65580
1048954 131123 44
1048992 196644 65560
1048993 196644 24
1049007 196644 65558
1049008 196644 22
1049513 196624
1056384 131115 65553
1056385 131115 17
1056386 131123 65553
1056387 131123 17
1056388 196660 65553
1056389 196660 17
1056418 131108 65566
1056419 131108 30
1056420 196621 131123 65566
1056421 196621 131123 30
1056422 196621 131115 65566
1056423 196621 131115 30
1056424 196621 131108 65566
1056425 196621 131108 30
1056426 196612 196621 65566
1056427 196612 196621 30
1056430 196651 131123 65566
1056431 196651 131123 30
1056432 131115 196651 65566
1056433 131115 196651 30
1056434 131108 196651 65566
1056435 131108 196651 30
1056436 196612 196651 65566
1056437 196612 196651 30
1056442 131108 65554
1056443 131108 18
1056444 196612 65554
1056445 196612 18
1056446 196621 131123 65554
1056447 196621 131123 18
1056448 196621 131115 65554
1056449 196621 131115 18
1056450 196621 131108 65554
1056451 196621 131108 18
1056452 196612 196621 65554
1056453 196612 196621 18
1056456 131108 65559
1056457 131108 23
1056462 131108 65560
1056463 131108 24
1056464 196621 131123 65560
1056465 196621 131123 24
1056466 196621 131115 65560
1056467 196621 131115 24
1056468 196621 131108 65560
1056469 196621 131108 24
1056470 196612 196621 65560
1056471 196612 196621 24
1056474 196644 131123 65560
1056475 196644 131123 24
1056476 196644 131115 65560
1056477 196644 131115 24
1056478 131108 196644 65560
1056479 131108 196644 24
1056480 196612 196644 65560
1056481 196612 196644 24
1056486 131108 65558
1056487 131108 22
1056488 196644 131123 65558
1056489 196644 131123 22
1056490 196644 131115 65558
1056491 196644 131115 22
1056492 131108 196644 65558
1056493 131108 196644 22
1056494 196612 196644 65558
1056495 196612 196644 22
1056498 131115 65557
1056499 131115 21
1056502 131108 65557
1056503 131108 21
1056504 196612 65557
1056505 196612 21
1056792 196655
1056793 196656
1056796 131119
1056797 131120
1056940 131090
1057058 196617
1057115 196613
1057116 196614
1057117 196615
1057118 196616
1057168 203
1057169 200
1057170 205
1057171 208
1057246 201
1057247 209
1057265 199
1057266 207
1057664 210
1057689 84
1111812 59
1111813 60
1111814 61
1111815 62
1111816 63
1111817 64
1111818 65
1111819 66
1111820 67
1111821 68
1111822 87
1111823 88
