3 372
4 1
5 169
19 72
20 80
21 75
22 77
23 353
24 304
25 302
26 350
27 212
57 56
58 312
59 42
60 54
61 15
62 57
64 150
65 155
66 28
67 14
79 226
82 127
84 217
85 290
86 128
87 281
88 272
89 280
90 208
92 73
93 81
96 304
97 305
98 306
99 307
100 308
101 309
102 310
103 311
104 312
105 313
106 317
107 318
108 315
109 314
110 316
111 1
112 83
113 29
114 285
115 58
116 70
117 347
118 348
120 84
121 326
122 327
123 335
124 338
125 159
126 207
127 201
128 381
129 108
130 305
131 59
132 60
133 61
134 62
135 63
136 64
137 65
138 66
139 67
140 68
141 87
142 88
143 69
155 55
164 288
166 402
167 403
170 377
172 362
173 366
174 156
188 256
189 257
190 258
191 259
192 260
193 261
194 262
195 263
196 264
197 265
198 266
199 267
200 268
201 269
202 270
203 271
207 429
208 397
209 171
210 140
220 224
221 225
1048584 14
1048585 15
1048586 28
1048589 28
1048595 198
1048596 70
1048597 84
1048603 1
1048608 57
1048609 65538
1048612 65541
1048613 65542
1048614 65544
1048616 65546
1048617 65547
1048618 65545
1048619 65549
1048620 51
1048621 12
1048622 52
1048623 53
1048624 11
1048625 2
1048626 3
1048627 4
1048628 5
1048629 6
1048630 7
1048631 8
1048632 9
1048633 10
1048634 65588
1048635 65587
1048636 86
1048637 13
1048638 65622
1048639 65589
1048670 65543
1048671 65548
1048700 131158
1048702 65577
1048703 83
1048742 196694
1049603 65563
1049605 65557
1049608 65572
1049609 65552
1049610 65553
1049612 65576
1049615 65581
1049616 65566
1049617 65584
1049618 65583
1049619 65570
1049620 65568
1049621 65554
1049622 65579
1049623 65580
1049624 65559
1049626 65573
1049627 65574
1049628 65586
1049629 65585
1049630 65560
1049631 65561
1049632 65555
1049633 65567
1049634 65556
1049635 65558
1049636 65569
1049637 65571
1049638 65582
1049639 65575
1049640 65562
1049648 30
1049649 48
1049650 47
1049651 34
1049652 32
1049653 18
1049654 43
1049655 44
1049656 23
1049658 37
1049659 38
1049660 50
1049661 49
1049662 24
1049663 25
1049664 19
1049665 31
1049666 20
1049667 22
1049668 33
1049669 35
1049670 46
1049671 39
1049672 26
1049683 27
1049685 21
1049688 36
1049689 16
1049690 17
1049692 40
1049695 45
1056796 65540
1056798 65539
1057168 75
1057169 72
1057170 77
1057171 80
1057246 73
1057247 81
1057265 71
1057266 79
1057664 82
1057689 84
1111812 59
1111813 60
1111814 61
1111815 62
1111816 63
1111817 64
1111818 65
1111819 66
1111820 67
1111821 68
1111822 87
1111823 88
