3 372
4 1
5 169
1048584 14
1048585 15
1048586 28
1048919 131085 19
1048589 28
19 72
20 80
21 75
22 77
23 353
24 304
25 302
26 350
27 212
1056796 131119
1056797 131120
1048608 57
1048609 65538
1048610 65539
1048611 65540
1048612 65541
1048613 65542
1048614 65543
1048615 12
1048616 65545
1048617 65546
1048618 65562
1048619 26
1048620 51
1048621 53
1048622 52
1048623 65544
1048624 11
1048625 2
1048626 3
1048627 4
1048628 5
1048629 6
1048630 7
1048631 8
1048632 9
57 56
58 100
59 42
60 54
61 15
62 57
1048639 65548
64 150
65 155
66 28
67 14
1048644 65568
1048645 65554
1048646 65569
1048647 65570
1048648 65571
1048649 65559
1048650 65572
1048651 65573
1048652 65574
1048653 65586
1048654 65585
79 226
1048656 65561
1048657 65552
82 127
1048659 65567
84 217
85 290
1048662 65583
1048663 65553
1048664 65581
89 280
1048666 65580
1048667 131081
92 73
93 81
1048671 65589
96 304
1048673 30
1048674 48
99 307
100 308
1048677 18
102 310
103 311
104 312
105 313
106 317
107 318
108 315
1048685 50
110 316
111 1
112 83
113 29
114 97
115 58
116 70
117 347
118 348
1048695 17
120 84
1048596 70
122 327
123 335
124 338
125 159
126 207
127 201
128 381
129 108
130 305
131 59
132 60
133 61
134 62
135 63
136 64
137 65
138 66
139 67
140 68
141 87
142 88
143 69
155 55
1048737 196610
1048738 131118
1048603 1
164 288
1048741 196629
166 402
167 403
1048745 196654
170 377
1048747 13
172 362
173 366
1048750 196627
1048752 196619
1048753 196618
1048757 131122
1048758 131091
1048759 131124
1048761 131074
1048762 40
1048763 65549
188 256
189 257
190 258
191 259
192 260
193 261
194 262
195 263
1048772 131098 65566
197 265
198 266
199 267
200 268
201 269
202 270
203 271
1048780 65563 65559
1048781 27 65559
1048782 65579 65559
207 429
208 397
209 171
210 140
1048787 27 65560
1048788 65579 65560
1048789 43 65560
1048790 131098 65560
1048791 196659
1048792 196632
1048793 65563 65558
1048794 27 65558
1048795 65579 65558
220 224
221 225
1048798 196633
1048799 131103
1048800 65563 30
1048801 27 30
1048802 65579 30
1048803 43 30
1048804 131098 30
1048806 131102
1048807 39
1048808 65563 18
1048809 27 18
1048810 65579 18
1048811 131098 18
1048812 65563 23
1048813 27 23
1048814 65579 23
1048815 131098 23
1048816 131104
1048817 43 49
1048818 65563 24
1048819 27 24
1048820 65579 24
1048821 43 24
1048925 65579 31
1048823 196660
1048824 131096
1048825 65563 22
1048826 27 22
1048827 65579 22
1048828 131098 22
1048829 27 21
1048830 131097
1048831 131098 21
1048832 196635 65566
1048833 196635 30
1048834 196651 65566
1048835 196651 30
1048836 196621 65566
1048837 196621 30
1048838 27 65582
1048839 27 46
1048840 65579 65582
1048841 65579 46
1048842 196661 65582
1048843 196661 46
1048844 196648 65582
1048845 196648 46
1048846 196648 65568
1048847 196648 32
1048849 131105
1048850 196635 65554
1048851 196635 18
1048926 131085 65567
1048854 196661 65554
1048855 196661 18
1048856 196621 65554
1048857 196621 18
1048858 196648 65554
1048859 196648 18
1048860 65579 65570
1048861 65579 34
1048862 196651 65570
1048863 196651 34
1048864 196661 65570
1048865 196661 34
1057058 196617
1048867 131085 34
1048868 65579 65571
1048869 65579 35
1048870 196643
1048871 131107
1048872 43 65559
1048873 43 23
1048874 196635 65559
1048875 196635 23
1048876 196651 65559
1048877 196651 23
1048878 196621 65559
1048879 196621 23
1048880 196661 65559
1048881 196631
1048884 65579 65572
1048885 65579 36
1048886 131085 65573
1048887 131085 37
1048888 131109
1048889 27 65574
1048890 27 38
1048891 131085 65574
1048892 131085 38
1048893 196648 65574
1048894 196648 38
1048897 196646
1048898 131110
1048899 27 65585
1048900 27 49
1048901 131085 65585
1048902 131085 49
1048903 196648 65585
1048904 196648 49
1048906 196642
1048907 131106
1048908 196635 65560
1048909 196635 24
1048916 27 65555
1048917 27 19
1048918 131085 65555
1048633 10
1048920 196648 65555
1048921 196648 19
1048922 27 65567
1057115 196611
1057116 196614
1048634 65588
1057118 196616
1048927 131085 31
1048928 196648 65567
1048929 196648 31
1048930 131085 65556
1048635 65587
1048932 196648 65556
1048933 196648 20
1048934 196628
1048935 131092
1048936 43 65558
1048636 86
1048938 196635 65558
1048939 196635 22
1048940 196651 65558
1048941 196651 22
1048637 65547
1048946 196621 65558
1048947 196621 22
1048948 65579 65553
1048638 65622
1048950 65579 65557
1048951 65579 21
1048952 131098 65557
1048953 27 65580
1048954 27 44
1048955 196661 65580
1048956 196661 44
1048957 196648 65580
1048958 196648 44
1048640 131075
1048641 65566
1048642 65584
1057168 131093
1057169 196630
1057170 131095
1057171 131094
1048931 131085 20
1049042 196648 24
1048655 65560
1049062 196648 65570
1049063 196648 34
1048658 65555
1057117 196615
1048660 65556
1048661 65558
86 128
87 281
88 272
1048665 65557
90 208
1048668 41
1048669 131082
1048672 196655
97 305
98 306
1048675 46
1048676 32
101 309
1048678 33
1048679 34
1048680 35
1048681 23
1048597 183
1048682 36
1048683 37
1048684 38
109 314
1048686 49
1048687 24
1048688 25
1048689 16
1048690 19
1048691 31
1048692 20
1048693 22
1048694 47
1048696 45
121 326
1048698 44
1048699 131080
1048700 65577
1048701 131083
1049513 196624
1048949 65579 17
1048739 131076
1048742 196694
1048743 131077
1048746 65576
1048748 131113
174 156
1048765 131078
1048766 131079
1048767 196620
1048768 65563 65566
1048769 27 65566
1048770 65579 65566
1048771 43 65566
196 264
1048774 196638
1048775 65575
1048776 65563 65554
1048777 27 65554
1048778 65579 65554
1048779 131098 65554
1048783 131098 65559
1048784 196640
1048785 43 65585
1048786 65563 65560
1056461 131125 24
1048796 131098 65558
1048797 27 65557
1056940 131090
1056311 131125 38
1048822 131098 24
1056258 196661 65584
1056259 196661 48
1056266 196661 65568
1056267 196661 32
1056286 196661 65569
1056287 196661 33
1056310 131125 65574
1048697 21
1048924 65579 65567
1056320 196661 65586
1056321 196661 50
1056342 196661 65561
1056343 196661 25
1056352 196661 65567
1056353 196661 31
1056362 196661 65556
1056363 196661 20
1056384 65563 65553
1056385 65563 17
1056386 27 65553
1056387 27 17
1056388 131098 65553
1056389 131098 17
1056394 196661 65581
1056395 196661 45
1056416 131125 65566
1056417 131125 30
1056420 27 65579 65566
1056421 27 65579 30
1056422 65579 65563 65566
1056423 65579 65563 30
1056426 65579 43 65566
1056427 65579 43 30
1056428 65579 131125 65566
1056429 65579 131125 30
1056430 27 196651 65566
1056431 27 196651 30
1056432 196651 65563 65566
1056433 196651 65563 30
1056436 196651 43 65566
1056437 196651 43 30
1056438 196651 131125 65566
1056439 196651 131125 30
1056440 131125 65554
1056441 131125 18
1056444 43 65554
1056445 43 18
1056446 27 65579 65554
1056447 27 65579 18
1056448 65579 65563 65554
1056449 65579 65563 18
1056452 65579 43 65554
1056453 65579 43 18
1056454 65579 131125 65554
1056455 65579 131125 18
1056458 131125 65559
1056459 131125 23
1056460 131125 65560
1048866 131085 65570
1056464 27 65579 65560
1056465 27 65579 24
1056466 65579 65563 65560
1056467 65579 65563 24
1056470 65579 43 65560
1056471 65579 43 24
1056472 65579 131125 65560
1056473 65579 131125 24
1056484 131125 65558
1056485 131125 22
1056498 65563 65557
1056499 65563 21
1056500 131125 65557
1056501 131125 21
1056504 43 65557
1056505 43 21
1048923 27 31
1048937 43 22
1048643 65582
