3 372
4 1
5 169
19 72
20 80
21 75
22 77
23 353
24 304
25 302
26 350
27 212
57 56
58 312
59 42
60 54
61 15
62 57
64 150
65 155
66 28
67 14
79 226
82 127
84 217
85 290
86 128
87 281
88 272
89 280
90 208
92 73
93 81
96 304
97 305
98 306
99 307
100 308
101 309
102 310
103 311
104 312
105 313
106 317
107 318
108 315
109 314
110 316
111 1
112 83
113 29
114 285
115 58
116 70
117 347
118 348
120 84
121 326
122 327
123 335
124 338
125 159
126 207
127 201
128 381
129 108
130 305
131 59
132 60
133 61
134 62
135 63
136 64
137 65
138 66
139 67
140 68
141 87
142 88
143 69
155 55
164 288
166 402
167 403
170 377
172 362
173 366
174 156
188 256
189 257
190 258
191 259
192 260
193 261
194 262
195 263
196 264
197 265
198 266
199 267
200 268
201 269
202 270
203 271
207 429
208 397
209 171
210 140
220 224
221 225
1048584 14
1048585 15
1048586 28
1048589 28
1048595 198
1048596 70
1048597 84
1048603 1
1048608 57
1048609 65538
1048610 65539
1048613 65542
1048616 65546
1048617 65547
1048618 65545
1048619 65549
1048620 65589
1048621 12
1048622 53
1048623 65579
1048624 11
1048625 2
1048626 3
1048627 4
1048628 5
1048629 6
1048630 7
1048631 8
1048632 9
1048633 10
1048634 65543
1048635 65541
1048637 13
1048639 65544
1048668 43
1048671 65548
1048700 65622
1048703 83
1048742 196694
1049601 65577
1049616 65569
1049617 65587
1049618 65568
1049619 65558
1049620 65574
1049621 65556
1049622 65575
1049623 65561
1049624 65584
1049625 65552
1049626 65555
1049627 65573
1049628 65583
1049629 65557
1049630 65572
1049631 65570
1049632 65571
1049633 65582
1049634 65585
1049635 65554
1049636 65566
1049637 65562
1049638 65553
1049639 65581
1049640 65559
1049641 65560
1049642 65563
1049643 65567
1049644 65586
1049645 65576
1049646 65588
1049647 65580
1049648 33
1049649 51
1049650 32
1049651 22
1049652 38
1049653 20
1049654 39
1049655 25
1049656 48
1049657 16
1049658 19
1049659 37
1049660 47
1049661 21
1049662 36
1049663 34
1049664 35
1049665 46
1049666 49
1049667 18
1049668 30
1049669 26
1049670 17
1049671 45
1049672 23
1049673 24
1049674 27
1049675 31
1049676 50
1049677 40
1049678 52
1049679 44
1049681 41
1056957 131081
1057046 65540
1057168 75
1057169 72
1057170 77
1057171 80
1057246 73
1057247 81
1057265 71
1057266 79
1057664 82
1057689 84
1111812 59
1111813 60
1111814 61
1111815 62
1111816 63
1111817 64
1111818 65
1111819 66
1111820 67
1111821 68
1111822 87
1111823 88
