3 372
4 1
5 169
19 72
20 80
21 75
22 77
23 353
24 304
25 302
26 350
27 212
57 56
58 312
59 42
60 54
61 15
62 57
64 150
65 155
66 28
67 14
79 226
82 127
84 217
85 290
86 128
87 281
88 272
89 280
90 208
92 73
93 81
96 304
97 305
98 306
99 307
100 308
101 309
102 310
103 311
104 312
105 313
106 317
107 318
108 315
109 314
110 316
111 1
112 83
113 29
114 285
115 58
116 70
117 347
118 348
120 84
121 326
122 327
123 335
124 338
125 159
126 207
127 201
128 381
129 108
130 305
131 59
132 60
133 61
134 62
135 63
136 64
137 65
138 66
139 67
140 68
141 87
142 88
143 69
155 55
164 288
166 402
167 403
170 377
172 362
173 366
174 156
188 256
189 257
190 258
191 259
192 260
193 261
194 262
195 263
196 264
197 265
198 266
199 267
200 268
201 269
202 270
203 271
207 429
208 397
209 171
210 140
220 224
221 225
1048584 14
1048585 15
1048586 28
1048589 28
1048596 70
1048597 183
1048603 1
1048608 57
1048609 65538
1048610 65539
1048611 65540
1048612 65541
1048613 65542
1048614 65543
1048615 12
1048616 65545
1048617 65546
1048618 65549
1048619 13
1048620 51
1048621 53
1048622 52
1048623 65544
1048624 11
1048625 2
1048626 3
1048627 4
1048628 5
1048629 6
1048630 7
1048631 8
1048632 9
1048633 10
1048634 65588
1048635 65587
1048636 86
1048637 65547
1048638 65622
1048639 65548
1048640 131119
1048641 65566
1048642 65584
1048643 65582
1048644 65568
1048645 65554
1048646 65569
1048647 65570
1048648 65571
1048649 65559
1048650 65572
1048651 65573
1048652 65574
1048653 65586
1048654 65585
1048655 65560
1048656 65561
1048657 65552
1048658 65555
1048659 65567
1048660 65556
1048661 65558
1048662 65583
1048663 65553
1048664 65581
1048665 65557
1048666 65557
1048667 131105
1048668 131088
1048669 131106
1048670 131076
1048671 65589
1048672 131080
1048673 30
1048674 48
1048675 46
1048676 32
1048677 18
1048678 33
1048679 34
1048680 35
1048681 23
1048682 36
1048683 37
1048684 38
1048685 50
1048686 49
1048687 24
1048688 25
1048689 16
1048690 19
1048691 31
1048692 20
1048693 22
1048694 47
1048695 17
1048696 45
1048697 21
1048698 21
1048699 131120
1048700 131089
1048701 131121
1048702 131074
1048703 83
1048738 131118
1048740 131115
1048741 196629
1048742 196694
1048743 196639
1048744 196620
1048745 196654
1048746 196641
1048747 131116
1048748 131113
1048750 196627
1048752 131078
1048758 131091
1048759 131124
1048760 196621
1048762 196658
1048763 131117
1048768 196616 65566
1048769 131082 65566
1048770 196612 65566
1048771 196610 65566
1048772 131084 65566
1048774 196638
1048775 41 65582
1048776 196616 65554
1048777 131082 65554
1048778 196612 65554
1048779 131084 65554
1048780 196616 65559
1048781 131082 65559
1048782 196612 65559
1048783 131084 65559
1048784 196640
1048785 196610 65585
1048786 196616 65560
1048787 131082 65560
1048788 196612 65560
1048789 196610 65560
1048790 131084 65560
1048791 131099
1048792 196632
1048793 196616 65558
1048794 131082 65558
1048795 196612 65558
1048796 131084 65558
1048797 131082 65557
1048798 196633
1048799 131103
1048800 196616 30
1048801 131082 30
1048802 196612 30
1048803 196610 30
1048804 131084 30
1048806 131102
1048807 41 46
1048808 196616 18
1048809 131082 18
1048810 196612 18
1048811 131084 18
1048812 196616 23
1048813 131082 23
1048814 196612 23
1048815 131084 23
1048816 131104
1048817 196610 49
1048818 196616 24
1048819 131082 24
1048820 196612 24
1048821 196610 24
1048822 131084 24
1048823 131098
1048824 131096
1048825 196616 22
1048826 131082 22
1048827 196612 22
1048828 131084 22
1048829 131082 21
1048830 131097
1048831 131084 21
1048832 196635 65566
1048833 196635 30
1048834 131077 65566
1048835 131077 30
1048836 131079 65566
1048837 131079 30
1048838 65576
1048839 40
1048840 196612 65582
1048841 196612 46
1048842 131081 65582
1048843 131081 46
1048844 65575
1048845 39
1048846 131075 65568
1048847 131075 32
1048848 65563
1048849 27
1048850 196635 65554
1048851 196635 18
1048854 131081 65554
1048855 131081 18
1048856 131079 65554
1048857 131079 18
1048858 131075 65554
1048859 131075 18
1048860 196612 65570
1048861 196612 34
1048862 131077 65570
1048863 131077 34
1048864 131081 65570
1048865 131081 34
1048866 41 65570
1048867 41 34
1048868 196612 65571
1048869 196612 35
1048870 196643
1048871 131107
1048872 196610 65559
1048873 196610 23
1048874 196635 65559
1048875 196635 23
1048876 131077 65559
1048877 131077 23
1048878 131079 65559
1048879 131079 23
1048880 131081 65559
1048881 196631
1048884 196612 65572
1048885 196612 36
1048886 41 65573
1048887 41 37
1048889 131082 65574
1048890 131082 38
1048891 41 65574
1048892 41 38
1048893 131075 65574
1048894 131075 38
1048897 196625
1048898 131109
1048899 131082 65585
1048900 131082 49
1048901 41 65585
1048902 41 49
1048903 131075 65585
1048904 131075 49
1048906 196642
1048908 196635 65560
1048909 196635 24
1048916 131082 65555
1048917 131082 19
1048918 41 65555
1048919 41 19
1048920 131075 65555
1048921 131075 19
1048922 131082 65567
1048923 131082 31
1048924 196612 65567
1048925 196612 31
1048926 41 65567
1048927 41 31
1048928 65562
1048929 26
1048930 41 65556
1048931 41 20
1048932 131075 65556
1048933 131075 20
1048934 196628
1048935 131092
1048936 196610 65558
1048937 196610 22
1048938 196635 65558
1048939 196635 22
1048940 131077 65558
1048941 131077 22
1048946 131079 65558
1048947 131079 22
1048948 196612 65553
1048949 196612 17
1048950 196612 65557
1048951 196612 21
1048952 131084 65557
1048953 131082 65557
1048954 131082 21
1048955 131081 65557
1048956 131081 21
1048957 65579
1048958 43
1049042 131075 65560
1049062 131075 65570
1049063 131075 34
1049287 196611
1049304 196613
1049305 196617
1049307 196615
1049309 196619
1049513 196624
1056258 131081 65584
1056259 131081 48
1056266 131081 65568
1056267 131081 32
1056286 131081 65569
1056287 131081 33
1056310 131125 65574
1056311 131125 38
1056320 131081 65586
1056321 131081 50
1056342 131081 65561
1056343 131081 25
1056352 131081 65567
1056353 131081 31
1056362 131081 65556
1056363 131081 20
1056384 196616 65553
1056385 196616 17
1056386 131082 65553
1056387 131082 17
1056388 131084 65553
1056389 131084 17
1056394 131081 65581
1056395 131081 45
1056416 131125 65566
1056417 131125 30
1056420 196612 131082 65566
1056421 196612 131082 30
1056422 196612 196616 65566
1056423 196612 196616 30
1056426 196610 196612 65566
1056427 196610 196612 30
1056428 196612 131125 65566
1056429 196612 131125 30
1056430 131077 131082 65566
1056431 131077 131082 30
1056432 131077 196616 65566
1056433 131077 196616 30
1056436 196610 131077 65566
1056437 196610 131077 30
1056438 131077 131125 65566
1056439 131077 131125 30
1056440 131125 65554
1056441 131125 18
1056444 196610 65554
1056445 196610 18
1056446 196612 131082 65554
1056447 196612 131082 18
1056448 196612 196616 65554
1056449 196612 196616 18
1056452 196610 196612 65554
1056453 196610 196612 18
1056454 196612 131125 65554
1056455 196612 131125 18
1056458 131125 65559
1056459 131125 23
1056460 131125 65560
1056461 131125 24
1056464 196612 131082 65560
1056465 196612 131082 24
1056466 196612 196616 65560
1056467 196612 196616 24
1056470 196610 196612 65560
1056471 196610 196612 24
1056472 196612 131125 65560
1056473 196612 131125 24
1056484 131125 65558
1056485 131125 22
1056498 196616 65557
1056499 196616 21
1056500 131125 65557
1056501 131125 21
1056504 196610 65557
1056505 196610 21
1056940 131090
1057168 131093
1057169 196630
1057170 131095
1057171 131094
1057246 73
1057247 81
1057265 71
1057266 79
1057664 82
1057689 183
1058048 131123
1111812 59
1111813 60
1111814 61
1111815 62
1111816 63
1111817 64
1111818 65
1111819 66
1111820 67
1111821 68
1111822 87
1111823 88
