3 372
4 1
5 169
19 72
20 80
21 75
22 77
23 353
24 304
25 302
26 350
27 212
57 56
58 100
59 42
60 54
61 15
62 57
64 150
65 155
66 28
67 14
79 226
82 127
84 217
85 290
86 128
87 281
88 272
89 280
90 208
92 73
93 81
96 304
97 305
98 306
99 307
100 308
101 309
102 310
103 311
104 312
105 313
106 317
107 318
108 315
109 314
110 316
111 1
112 83
113 29
114 97
115 58
116 70
117 347
118 348
120 84
121 326
122 327
123 335
124 338
125 159
126 207
127 201
128 381
129 108
130 305
131 59
132 60
133 61
134 62
135 63
136 64
137 65
138 66
139 67
140 68
141 87
142 88
143 69
155 55
164 288
166 402
167 403
170 377
172 362
173 366
174 156
188 256
189 257
190 258
191 259
192 260
193 261
194 262
195 263
196 264
197 265
198 266
199 267
200 268
201 269
202 270
203 271
207 429
208 397
209 171
210 140
220 224
221 225
1048584 14
1048585 65551
1048586 28
1048589 91
1048595 198
1048596 70
1048597 84
1048603 1
1048608 57
1048609 65538
1048610 65539
1048611 131076
1048612 65541
1048613 65542
1048614 196645
1048615 12
1048616 65545
1048617 65546
1048618 55
1048619 78
1048620 51
1048621 74
1048622 126
1048623 181
1048624 11
1048625 2
1048626 3
1048627 4
1048628 5
1048629 6
1048630 7
1048631 8
1048632 9
1048633 10
1048634 65588
1048635 65587
1048636 86
1048637 89
1048638 65622
1048639 65548
1048640 131088
1048641 65566
1048642 65584
1048643 65582
1048644 65568
1048645 65554
1048646 65569
1048647 65570
1048648 65571
1048649 65559
1048650 65572
1048651 65573
1048652 65574
1048653 65586
1048654 65585
1048655 65560
1048656 65561
1048657 65552
1048658 65555
1048659 65567
1048660 65556
1048661 65558
1048662 65583
1048663 65553
1048664 65581
1048665 65557
1048666 65580
1048667 131098
1048668 131113
1048669 131099
1048671 65589
1048673 30
1048674 48
1048675 46
1048676 32
1048677 18
1048678 33
1048679 34
1048680 35
1048681 23
1048682 36
1048683 37
1048684 38
1048685 50
1048686 49
1048687 24
1048688 25
1048689 16
1048690 19
1048691 31
1048692 20
1048693 22
1048694 47
1048695 17
1048696 45
1048697 21
1048698 44
1048699 131112
1048700 131158
1048701 131115
1048702 131111
1048703 211
1048737 13
1048738 131118
1048739 196612
1048741 196629
1048742 196694
1048743 196639
1048745 196654
1048746 65577
1048747 131116
1048748 131079
1048750 196627
1048752 196619
1048753 196618
1048757 131122
1048758 131091
1048759 131124
1048762 196658
1048763 131117
1048765 131078
1048767 65549
1048768 26 65566
1048769 40 65566
1048770 65562 65566
1048771 131085 65566
1048772 65576 65566
1048774 196638
1048775 65579
1048776 26 65554
1048777 40 65554
1048778 65562 65554
1048779 65576 65554
1048780 26 65559
1048781 40 65559
1048782 65562 65559
1048783 65576 65559
1048784 196640
1048785 65575
1048786 26 65560
1048787 40 65560
1048788 65562 65560
1048789 131085 65560
1048790 65576 65560
1048791 196659
1048792 196632
1048793 26 65558
1048794 40 65558
1048795 65562 65558
1048796 65576 65558
1048797 40 65557
1048798 196633
1048799 131103
1048800 26 30
1048801 40 30
1048802 65562 30
1048803 131085 30
1048804 65576 30
1048806 131102
1048807 43
1048808 26 18
1048809 40 18
1048810 65562 18
1048811 65576 18
1048812 26 23
1048813 40 23
1048814 65562 23
1048815 65576 23
1048816 131104
1048817 39
1048818 26 24
1048819 40 24
1048820 65562 24
1048821 131085 24
1048822 65576 24
1048823 196660
1048824 131096
1048825 26 22
1048826 40 22
1048827 65562 22
1048828 65576 22
1048829 40 21
1048830 131097
1048831 65576 21
1048832 196635 65566
1048833 196635 30
1048834 196651 65566
1048835 196651 30
1048838 40 65582
1048839 40 46
1048840 65562 65582
1048841 65562 46
1048842 196661 65582
1048843 196661 46
1048849 131105
1048850 196635 65554
1048851 196635 18
1048854 196661 65554
1048855 196661 18
1048860 65562 65570
1048861 65562 34
1048862 196651 65570
1048863 196651 34
1048864 196661 65570
1048865 196661 34
1048868 65562 65571
1048869 65562 35
1048870 196643
1048871 131107
1048872 131085 65559
1048873 131085 23
1048874 196635 65559
1048875 196635 23
1048876 196651 65559
1048877 196651 23
1048880 196661 65559
1048881 196631
1048884 65562 65572
1048885 65562 36
1048888 131109
1048889 40 65574
1048890 40 38
1048897 196646
1048898 131110
1048899 40 65585
1048900 40 49
1048906 196642
1048907 131106
1048908 196635 65560
1048909 196635 24
1048912 196647 65560
1048913 196647 24
1048916 40 65555
1048917 40 19
1048922 40 65567
1048923 40 31
1048924 65562 65567
1048925 65562 31
1048934 196628
1048935 131092
1048936 131085 65558
1048937 131085 22
1048938 196635 65558
1048939 196635 22
1048940 196651 65558
1048941 196651 22
1048944 196647 65558
1048945 196647 22
1048948 65562 65553
1048949 65562 17
1048950 65562 65557
1048951 65562 21
1048952 65576 65557
1048953 40 65580
1048954 40 44
1048955 196661 65580
1048956 196661 44
1048992 196644 65560
1048993 196644 24
1049007 196644 65558
1049008 196644 22
1049513 196624
1056258 196661 65584
1056259 196661 48
1056266 196661 65568
1056267 196661 32
1056286 196661 65569
1056287 196661 33
1056310 131125 65574
1056311 131125 38
1056320 196661 65586
1056321 196661 50
1056342 196661 65561
1056343 196661 25
1056352 196661 65567
1056353 196661 31
1056362 196661 65556
1056363 196661 20
1056384 26 65553
1056385 26 17
1056386 40 65553
1056387 40 17
1056388 65576 65553
1056389 65576 17
1056394 196661 65581
1056395 196661 45
1056416 131125 65566
1056417 131125 30
1056418 131108 65566
1056419 131108 30
1056420 65562 40 65566
1056421 65562 40 30
1056422 26 65562 65566
1056423 26 65562 30
1056424 65562 131108 65566
1056425 65562 131108 30
1056426 131085 65562 65566
1056427 131085 65562 30
1056428 65562 131125 65566
1056429 65562 131125 30
1056430 40 196651 65566
1056431 40 196651 30
1056432 26 196651 65566
1056433 26 196651 30
1056434 131108 196651 65566
1056435 131108 196651 30
1056436 131085 196651 65566
1056437 131085 196651 30
1056438 196651 131125 65566
1056439 196651 131125 30
1056440 131125 65554
1056441 131125 18
1056442 131108 65554
1056443 131108 18
1056444 131085 65554
1056445 131085 18
1056446 65562 40 65554
1056447 65562 40 18
1056448 26 65562 65554
1056449 26 65562 18
1056450 65562 131108 65554
1056451 65562 131108 18
1056452 131085 65562 65554
1056453 131085 65562 18
1056454 65562 131125 65554
1056455 65562 131125 18
1056456 131108 65559
1056457 131108 23
1056458 131125 65559
1056459 131125 23
1056460 131125 65560
1056461 131125 24
1056462 131108 65560
1056463 131108 24
1056464 65562 40 65560
1056465 65562 40 24
1056466 26 65562 65560
1056467 26 65562 24
1056468 65562 131108 65560
1056469 65562 131108 24
1056470 131085 65562 65560
1056471 131085 65562 24
1056472 65562 131125 65560
1056473 65562 131125 24
1056474 196644 40 65560
1056475 196644 40 24
1056476 26 196644 65560
1056477 26 196644 24
1056478 131108 196644 65560
1056479 131108 196644 24
1056480 131085 196644 65560
1056481 131085 196644 24
1056482 196644 131125 65560
1056483 196644 131125 24
1056484 131125 65558
1056485 131125 22
1056486 131108 65558
1056487 131108 22
1056488 196644 40 65558
1056489 196644 40 22
1056490 26 196644 65558
1056491 26 196644 22
1056492 131108 196644 65558
1056493 131108 196644 22
1056494 131085 196644 65558
1056495 131085 196644 22
1056496 196644 131125 65558
1056497 196644 131125 22
1056498 26 65557
1056499 26 21
1056500 131125 65557
1056501 131125 21
1056502 131108 65557
1056503 131108 21
1056504 131085 65557
1056505 131085 21
1056792 196655
1056793 196656
1056796 131119
1056797 131120
1056940 131090
1057058 196617
1057115 196611
1057116 196614
1057117 196615
1057118 196616
1057168 203
1057169 200
1057170 205
1057171 208
1057246 201
1057247 209
1057265 199
1057266 207
1057664 210
1057689 84
1111812 59
1111813 60
1111814 61
1111815 62
1111816 63
1111817 64
1111818 65
1111819 66
1111820 67
1111821 68
1111822 87
1111823 88
