3 372
4 1
5 169
19 72
20 80
21 75
22 77
23 353
24 304
25 302
26 350
27 212
57 56
58 100
59 42
60 54
61 15
62 57
64 150
65 155
66 28
67 14
79 226
82 127
84 217
85 290
86 128
87 281
88 272
89 280
90 208
92 73
93 81
96 304
97 305
98 306
99 307
100 308
101 309
102 310
103 311
104 312
105 313
106 317
107 318
108 315
109 314
110 316
111 1
112 83
113 29
114 97
115 58
116 70
117 347
118 348
120 84
121 326
122 327
123 335
124 338
125 159
126 207
127 201
128 381
129 108
130 305
131 59
132 60
133 61
134 62
135 63
136 64
137 65
138 66
139 67
140 68
141 87
142 88
143 69
155 55
164 288
166 402
167 403
170 377
172 362
173 366
174 156
188 256
189 257
190 258
191 259
192 260
193 261
194 262
195 263
196 264
197 265
198 266
199 267
200 268
201 269
202 270
203 271
207 429
208 397
209 171
210 140
220 224
221 225
1048584 14
1048585 65551
1048586 28
1048589 156
1048596 70
1048597 183
1048603 1
1048608 57
1048609 65538
1048610 65539
1048611 65540
1048612 131077
1048613 65542
1048614 65543
1048615 43
1048616 65545
1048617 65546
1048618 65579
1048619 12
1048620 51
1048621 53
1048622 52
1048623 65544
1048624 11
1048625 2
1048626 3
1048627 4
1048628 5
1048629 6
1048630 7
1048631 8
1048632 9
1048633 10
1048634 65588
1048635 65587
1048636 86
1048637 65547
1048638 65622
1048639 65548
1048640 131075
1048641 65566
1048642 65584
1048643 65582
1048644 65568
1048645 65554
1048646 65569
1048647 65570
1048648 65571
1048649 65559
1048650 65572
1048651 65573
1048652 65574
1048653 65586
1048654 65585
1048655 65560
1048656 65561
1048657 65552
1048658 65555
1048659 65567
1048660 65556
1048661 65558
1048662 65583
1048663 65553
1048664 65581
1048665 65557
1048666 65580
1048667 131081
1048668 131084
1048669 131082
1048671 65589
1048672 65549
1048673 30
1048674 48
1048675 46
1048676 32
1048677 18
1048678 33
1048679 34
1048680 35
1048681 23
1048682 36
1048683 37
1048684 38
1048685 50
1048686 49
1048687 24
1048688 25
1048689 16
1048690 19
1048691 31
1048692 20
1048693 22
1048694 47
1048695 17
1048696 45
1048697 21
1048698 44
1048699 131080
1048700 131158
1048701 131083
1048703 83
1048739 131076
1048740 65541
1048742 196694
1048743 41
1048756 13
1048757 131122
1048765 65577
1048768 65549 65566
1048769 13 65566
1048770 65563 65566
1048771 131099 65566
1048772 65576
1048773 65562
1048776 65549 65554
1048777 13 65554
1048778 65563 65554
1048779 27 65554
1048780 65549 65559
1048781 13 65559
1048782 65563 65559
1048783 27 65559
1048785 131099 65585
1048786 65549 65560
1048787 13 65560
1048788 65563 65560
1048789 131099 65560
1048790 65575
1048793 65549 65558
1048794 13 65558
1048795 65563 65558
1048796 27 65558
1048797 13 65557
1048800 65549 30
1048801 13 30
1048802 65563 30
1048803 131099 30
1048804 40
1048805 26
1048808 65549 18
1048809 13 18
1048810 65563 18
1048811 27 18
1048812 65549 23
1048813 13 23
1048814 65563 23
1048815 27 23
1048817 131099 49
1048818 65549 24
1048819 13 24
1048820 65563 24
1048821 131099 24
1048822 39
1048825 65549 22
1048826 13 22
1048827 65563 22
1048828 27 22
1048829 13 21
1048831 27 21
1048838 13 65582
1048839 13 46
1048840 65563 65582
1048841 65563 46
1048860 65563 65570
1048861 65563 34
1048868 65563 65571
1048869 65563 35
1048872 131099 65559
1048873 131099 23
1048884 65563 65572
1048885 65563 36
1048889 13 65574
1048890 13 38
1048899 13 65585
1048900 13 49
1048916 13 65555
1048917 13 19
1048922 13 65567
1048923 13 31
1048924 65563 65567
1048925 65563 31
1048936 131099 65558
1048937 131099 22
1048948 65563 65553
1048949 65563 17
1048950 65563 65557
1048951 65563 21
1048952 27 65557
1048953 13 65580
1048954 13 44
1056384 65549 65553
1056385 65549 17
1056386 13 65553
1056387 13 17
1056388 27 65553
1056389 27 17
1056420 13 65563 65566
1056421 13 65563 30
1056422 65549 65563 65566
1056423 65549 65563 30
1056426 65563 131099 65566
1056427 65563 131099 30
1056444 131099 65554
1056445 131099 18
1056446 13 65563 65554
1056447 13 65563 18
1056448 65549 65563 65554
1056449 65549 65563 18
1056452 65563 131099 65554
1056453 65563 131099 18
1056464 13 65563 65560
1056465 13 65563 24
1056466 65549 65563 65560
1056467 65549 65563 24
1056470 65563 131099 65560
1056471 65563 131099 24
1056498 65549 65557
1056499 65549 21
1056504 131099 65557
1056505 131099 21
1056940 131090
1057168 75
1057169 72
1057170 77
1057171 80
1057246 73
1057247 81
1057265 71
1057266 79
1057664 82
1057689 183
1111812 59
1111813 60
1111814 61
1111815 62
1111816 63
1111817 64
1111818 65
1111819 66
1111820 67
1111821 68
1111822 87
1111823 88
