3 372
4 1
5 169
19 72
20 80
21 75
22 77
23 353
24 304
25 302
26 350
27 212
57 56
58 312
59 42
60 54
61 15
62 57
64 150
65 155
66 28
67 14
79 226
82 127
84 217
85 290
86 128
87 281
88 272
89 280
90 208
92 73
93 81
96 304
97 305
98 306
99 307
100 308
101 309
102 310
103 311
104 312
105 313
106 317
107 318
108 315
109 314
110 316
111 1
112 83
113 29
114 285
115 58
116 70
117 347
118 348
120 84
121 326
122 327
123 335
124 338
125 159
126 207
127 201
128 381
129 108
130 305
131 59
132 60
133 61
134 62
135 63
136 64
137 65
138 66
139 67
140 68
141 87
142 88
143 69
155 55
164 288
166 402
167 403
170 377
172 362
173 366
174 156
188 256
189 257
190 258
191 259
192 260
193 261
194 262
195 263
196 264
197 265
198 266
199 267
200 268
201 269
202 270
203 271
207 429
208 397
209 171
210 140
220 224
221 225
1048584 14
1048585 15
1048586 28
1048589 28
1048595 198
1048596 70
1048597 84
1048603 1
1048608 57
1048610 65553
1048613 65577
1048616 65580
1048617 65581
1048618 55
1048619 65538
1048620 65563
1048621 4
1048622 65576
1048623 3
1048636 86
1048637 89
1048638 65622
1048639 65586
1048671 41
1048700 131158
1048703 83
1048742 196694
1052161 32
1052162 12
1052163 43
1052164 9
1052165 65579
1052166 65567
1052167 40
1052168 11
1052169 65582
1052170 13
1052171 65575
1052172 65570
1052173 65561
1052174 65554
1052175 65568
1052176 65562
1052177 65555
1052178 65587
1052179 65559
1052180 33
1052181 10
1052182 6
1052183 50
1052184 65556
1052185 24
1052186 26
1052187 45
1052188 44
1052189 53
1052190 19
1052191 30
1052192 5
1052193 51
1052194 25
1052195 23
1052196 65566
1052197 27
1052198 65589
1052199 39
1052200 65574
1052201 65573
1052202 38
1052203 31
1052204 65588
1052205 47
1052206 65583
1052207 65560
1052208 20
1052209 21
1052210 37
1052211 18
1052212 48
1052213 22
1052214 8
1052215 49
1052216 7
1052217 65543
1052218 65584
1052223 65544
1052224 34
1052225 46
1052226 65569
1052227 52
1052228 17
1052229 2
1052230 16
1052231 65571
1052232 36
1052233 35
1052234 65558
1052235 65572
1052236 65585
1052237 65557
1052240 65552
1052241 65539
1052242 65540
1052243 65541
1052244 65542
1052245 65545
1052246 65546
1052247 65547
1052248 65548
1052249 65549
1057168 75
1057169 72
1057170 77
1057171 80
1057246 73
1057247 81
1057265 71
1057266 79
1057664 82
1057689 84
1111812 59
1111813 60
1111814 61
1111815 62
1111816 63
1111817 64
1111818 65
1111819 66
1111820 67
1111821 68
1111822 87
1111823 88
