3 372
4 1
5 169
19 72
20 80
21 75
22 77
23 353
24 304
25 302
26 350
27 212
57 56
58 312
59 42
60 54
61 15
62 57
64 150
65 155
66 28
67 14
79 226
82 127
84 217
85 290
86 128
87 281
88 272
89 280
90 208
92 73
93 81
96 304
97 305
98 306
99 307
100 308
101 309
102 310
103 311
104 312
105 313
106 317
107 318
108 315
109 314
110 316
111 1
112 83
113 29
114 285
115 58
116 70
117 347
118 348
120 84
121 326
122 327
123 335
124 338
125 159
126 207
127 201
128 381
129 108
130 305
131 59
132 60
133 61
134 62
135 63
136 64
137 65
138 66
139 67
140 68
141 87
142 88
143 69
155 55
164 288
166 402
167 403
170 377
172 362
173 366
174 156
188 256
189 257
190 258
191 259
192 260
193 261
194 262
195 263
196 264
197 265
198 266
199 267
200 268
201 269
202 270
203 271
207 429
208 397
209 171
210 140
220 224
221 225
1048584 14
1048585 15
1048586 28
1048589 28
1048595 198
1048596 70
1048597 84
1048603 1
1048608 57
1048609 65538
1048610 41
1048611 131076
1048612 131077
1048613 65542
1048614 65543
1048615 65539
1048616 65545
1048617 65546
1048618 12
1048619 65541
1048620 43
1048621 13
1048622 53
1048623 65544
1048624 11
1048625 2
1048626 3
1048627 4
1048628 5
1048629 6
1048630 7
1048631 8
1048632 9
1048633 10
1048634 65589
1048635 65579
1048636 131113
1048637 65547
1048638 131074
1048639 65548
1048640 131088
1048641 65566
1048642 65584
1048643 65582
1048644 65568
1048645 65554
1048646 65569
1048647 65570
1048648 65571
1048649 65559
1048650 65572
1048651 65573
1048652 65574
1048653 65586
1048654 65585
1048655 65560
1048656 65561
1048657 65552
1048658 65555
1048659 65567
1048660 65556
1048661 65558
1048662 65583
1048663 65553
1048664 65581
1048665 65557
1048666 65580
1048667 131081
1048668 131084
1048669 131082
1048670 65540
1048671 65549
1048672 131115
1048673 30
1048674 48
1048675 46
1048676 32
1048677 18
1048678 33
1048679 34
1048680 35
1048681 40
1048682 36
1048683 37
1048684 38
1048685 50
1048686 49
1048687 24
1048688 25
1048689 16
1048690 19
1048691 31
1048692 20
1048693 22
1048694 47
1048695 17
1048696 45
1048697 21
1048698 44
1048699 131080
1048700 131085
1048701 131083
1048702 131099
1048703 83
1048737 196610
1048738 131118
1048739 131075
1048741 196629
1048742 196694
1048743 131103
1048745 196654
1048746 131105
1048747 131116
1048750 196627
1048752 196619
1048753 196618
1048754 196611
1048755 196612
1048756 131111
1048757 131122
1048758 131091
1048759 131124
1048762 196658
1048763 131117
1048764 196613
1048765 131078
1048766 131079
1048767 196620
1048768 196651 65566
1048769 196647 65566
1048770 196638
1048772 131098 65566
1048775 65588
1048776 196651 65554
1048777 196647 65554
1048779 131098 65554
1048780 196651 65559
1048781 196647 65559
1048782 196631
1048783 131098 65559
1048786 196651 65560
1048787 196647 65560
1048788 196632
1048790 65587
1048791 131123
1048793 196651 65558
1048794 196647 65558
1048795 196630
1048796 65563
1048797 196647 65557
1048798 196644 65556
1048800 196651 30
1048801 196647 30
1048802 131102
1048804 131098 30
1048807 52
1048808 196651 18
1048809 65577
1048811 131098 18
1048812 196651 40
1048813 196647 40
1048814 131095
1048815 131098 40
1048818 196651 24
1048819 196647 24
1048820 131096
1048822 51
1048823 196660
1048825 196651 22
1048826 196647 22
1048827 131094
1048828 27
1048829 196647 21
1048830 196644 20
1048831 131098 21
1048832 196635 65566
1048833 196635 30
1048838 196647 65582
1048839 196647 46
1048842 131125 65582
1048843 131125 46
1048844 196648 65582
1048845 196648 46
1048846 196648 65568
1048847 196648 32
1048850 196635 65554
1048851 196635 18
1048854 131125 65554
1048855 131125 18
1048858 196648 65554
1048859 196648 18
1048862 65562
1048863 26
1048864 131125 65570
1048865 131125 34
1048874 196635 65559
1048875 196635 40
1048880 65576
1048881 23
1048889 196647 65574
1048890 196647 38
1048893 196648 65574
1048894 196648 38
1048899 196647 65585
1048900 196647 49
1048903 196648 65585
1048904 196648 49
1048908 196635 65560
1048909 196635 24
1048916 196647 65555
1048917 196647 19
1048920 196648 65555
1048921 196648 19
1048922 196647 65567
1048923 196647 31
1048926 65575
1048927 39
1048928 196648 65567
1048929 196648 31
1048932 196648 65556
1048933 196648 20
1048938 196635 65558
1048939 196635 22
1048952 131098 65557
1048953 196647 65580
1048954 196647 44
1048955 131125 65580
1048956 131125 44
1048957 196648 65580
1048958 196648 44
1048992 196644 65560
1048993 196644 24
1049007 196644 65558
1049008 196644 22
1049042 196648 65560
1049062 196648 65570
1049063 196648 34
1049513 196624
1056258 131125 65584
1056259 131125 48
1056266 131125 65568
1056267 131125 32
1056286 131125 65569
1056287 131125 33
1056320 131125 65586
1056321 131125 50
1056342 131125 65561
1056343 131125 25
1056352 131125 65567
1056353 131125 31
1056362 131125 65556
1056363 131125 20
1056384 196651 65553
1056385 196651 17
1056386 196647 65553
1056387 196647 17
1056388 131098 65553
1056389 131098 17
1056394 131125 65581
1056395 131125 45
1056418 131108 65566
1056419 131108 30
1056442 131108 65554
1056443 131108 18
1056456 131108 65559
1056457 131108 40
1056462 131108 65560
1056463 131108 24
1056474 196644 196647 65560
1056475 196644 196647 24
1056476 196644 196651 65560
1056477 196644 196651 24
1056478 131108 196644 65560
1056479 131108 196644 24
1056486 131108 65558
1056487 131108 22
1056488 196644 196647 65558
1056489 196644 196647 22
1056490 196644 196651 65558
1056491 196644 196651 22
1056492 131108 196644 65558
1056493 131108 196644 22
1056498 196651 65557
1056499 196651 21
1056502 131108 65557
1056503 131108 21
1056792 196655
1056793 196656
1056796 131119
1056797 131120
1056940 131090
1056954 131092
1057116 196614
1057168 131093
1057169 72
1057170 77
1057171 80
1057246 73
1057247 81
1057265 71
1057266 79
1057664 82
1057689 84
1111812 59
1111813 60
1111814 61
1111815 62
1111816 63
1111817 64
1111818 65
1111819 66
1111820 67
1111821 68
1111822 87
1111823 88
